2
4
6
9
11
14
15
20
24
25
27
29
33
40
45
48
49
51
54
55
56
68
72
73
74
77
80
82
83
85
86
87
88
89
90
91
92
95
96
97
98
99
101
105
106
107
109
111
112
114
117
119
121
123
124
125
126
128
129
132
135
138
140
142
147
149
152
154
157
160
162
165
167
168
171
173
176
180
183
186
188
190
195
200
206
209
210
212
214
215
216
218
219
221
222
223
225
228
229
230
233
234
236
237
239
240
242
244
246
247
249
250
252
253
1886
1938
1972
1974
2021
2116
2120
2141
2143
2205
2234
2240
2248
2281
2347
2450
2461
2509
2540
2619
2623
2628
2639
2646
2651
2661
2716
2717
2835
2836
2902
2994
2996
3000
3124
3187
3188
3191
3204
3211
3219
3224
3304
3347
3376
3504
3507
3508
3509
3510
3511
3512
3514
3515
3516
3517
3519
3525
3527
3528
3530
3537
3538
3541
3546
3548
3549
3550
3552
3560
3561
3566
3569
3574
3575
3578
3579
3581
3583
3584
3588
3590
3591
3597
3606
3609
3612
3613
3614
3616
3620
3621
3625
3627
3633
3634
3637
3638
3639
3641
3645
3646
3647
3649
3651
3652
3657
3670
3674
3681
3683
3692
3697
3699
3701
3703
3705
3709
3711
3713
3714
3719
3720
3722
3729
3732
3737
3741
3744
3746
3748
3751
3752
3771
3777
3780
3787
3792
3797
3800
3811
3817
3818
3825
3830
3836
3844
3856
3859
3884
3891
3892
3894
3898
3900
3913
3921
3928
3932
3934
3950
3963
3976
3977
3987
4002
4006
4009
4012
4021
4035
4036
4042
4046
4057
4063
4069
4076
4078
4082
4088
4092
4108
4116
4122
4132