84;7;6;5;2;2;2;0;2
84;8;13;10;1;2;2;0;4
84;9;9;6;2;4;2;0;3
84;10;12;10;2;2;2;0;4
84;11;9;1;3;4;2;0;3
84;12;13;7;2;4;2;0;4
84;13;9;12;2;4;2;0;3
84;14;8;6;2;4;2;0;2
84;15;12;6;1;2;1;1;4
84;16;8;11;2;4;1;2;3
84;17;12;12;2;1;2;0;3
84;18;10;12;2;4;2;0;3
84;19;9;3;3;2;1;2;2
84;20;5;7;2;4;2;0;2
84;21;11;3;1;2;1;2;3
84;22;13;6;1;2;1;2;4
1;29;3;10;2;1;1;0;1
1;30;7;11;2;2;1;2;2
1;9;7;5;2;3;2;0;2
1;31;6;11;2;1;1;2;2
1;32;10;3;2;4;1;0;2
1;33;11;1;1;3;1;2;3
1;25;9;3;1;3;2;0;2
1;34;12;12;2;2;1;2;4
1;35;9;5;2;3;2;2;2
1;36;12;12;1;3;2;0;4
1;37;9;1;1;2;3;1;2
1;38;6;11;2;2;2;2;2
1;39;6;12;1;2;2;0;1
1;40;11;1;2;3;2;0;3
1;41;5;8;2;1;1;0;1
1;25;9;3;1;3;2;0;2
1;42;10;11;2;2;1;2;3
1;34;11;1;1;2;1;0;3
1;43;12;11;2;2;3;2;4
1;6;10;9;2;3;2;0;3
1;12;12;10;2;4;1;2;4
1;15;11;10;2;2;1;0;3
2;13;10;12;2;4;2;3;3
2;20;10;12;2;4;2;3;3
2;1;0;1;1;1;0;0;0
3;19;9;8;1;2;1;2;3
3;36;8;1;1;2;1;2;2
3;12;12;1;1;1;1;2;4
3;2;8;9;1;4;1;2;3
3;27;12;4;3;2;1;2;3
3;32;11;9;1;2;1;2;3
4;46;9;1;1;3;1;2;2
4;47;10;1;1;2;1;2;3
4;48;4;10;2;4;1;1;1
4;49;5;1;1;1;1;2;1
4;34;10;7;1;3;1;3;3
4;3;10;1;1;2;1;2;3
4;18;11;1;1;3;3;3;3
4;29;5;2;3;4;1;2;1
4;19;9;1;3;1;3;2;2
4;4;10;1;1;3;3;3;3
4;50;10;1;1;2;3;2;2
4;15;12;1;1;2;1;1;3
4;40;10;1;1;3;1;2;2
4;21;12;1;1;3;1;1;4
4;10;9;1;1;2;3;3;2
4;51;12;1;1;3;0;3;3
4;17;10;1;1;3;3;3;3
4;6;13;1;1;3;3;3;4
4;52;5;1;1;3;1;2;1
4;53;12;3;2;3;1;2;4
4;54;9;9;1;3;1;2;2
4;28;11;1;1;3;1;1;3
4;55;10;10;2;1;1;2;3
4;42;8;3;3;4;1;2;2
4;56;7;1;1;1;3;2;2
4;57;13;1;1;2;2;2;4
5;58;11;1;1;4;3;2;3
5;59;9;1;1;2;3;3;3
5;18;12;2;2;3;3;3;4
5;12;2;4;2;3;3;2;1
5;21;12;11;2;4;3;2;3
5;34;10;7;2;3;3;3;3
6;12;13;10;1;2;1;1;4
6;40;8;2;2;4;1;2;2
6;6;13;4;1;2;1;1;4
6;47;11;4;2;1;1;2;3
6;60;7;11;1;1;3;0;2
7;61;1;2;2;3;1;2;1
7;11;8;2;1;3;1;2;2
8;50;10;7;2;4;3;0;3
8;62;2;5;2;4;3;0;1
8;34;11;6;2;4;2;2;3
8;27;13;3;3;2;2;0;3
8;17;7;8;2;2;2;0;2
8;63;1;4;1;2;1;3;1
8;15;9;4;1;2;1;1;2
8;9;9;1;3;4;3;0;2
9;67;12;3;2;2;1;2;4
9;40;9;1;2;1;2;0;3
9;15;11;11;2;2;3;0;3
9;68;9;7;2;1;3;0;3
9;69;11;12;1;2;3;0;4
9;9;8;8;1;4;3;2;3
9;42;10;8;2;1;3;0;3
9;32;9;8;1;2;3;2;3
9;70;12;11;2;1;1;2;4
9;71;10;9;2;2;1;3;3
9;72;9;11;2;2;2;0;3
9;73;9;1;2;1;3;0;3
9;62;10;4;1;2;1;3;3
9;12;7;1;1;4;3;0;2
9;3;11;6;2;4;3;0;3
9;74;12;8;1;2;2;0;4
9;61;10;10;2;1;2;0;3
9;19;9;7;2;1;3;0;2
9;41;11;5;2;2;3;0;4
9;75;12;6;2;3;1;1;4
9;76;10;10;2;2;1;2;3
9;77;11;10;1;2;2;0;4
10;53;1;2;2;3;3;2;1
10;60;8;4;2;1;3;2;1
10;48;9;1;3;1;2;2;3
10;17;6;11;2;3;3;2;2
10;78;3;3;3;2;3;0;2
10;79;4;11;2;2;3;2;1
10;26;11;6;2;2;3;2;3
10;23;2;12;3;1;3;3;1
10;80;10;3;3;1;3;2;3
11;81;4;1;2;3;1;2;1
11;21;13;8;2;2;2;2;4
11;29;11;6;2;2;2;2;3
11;0;9;5;2;2;3;2;2
12;54;8;1;1;2;3;2;3
12;50;10;9;1;2;2;2;3
12;45;1;1;1;2;3;2;1
12;61;10;4;1;3;1;2;2
12;82;11;1;1;2;2;2;3
13;36;1;11;1;3;3;0;1
13;83;1;1;1;1;3;3;1
13;39;10;12;1;3;3;0;4
13;54;11;11;1;4;3;0;4
13;48;7;7;1;2;2;0;2
13;10;1;6;1;4;3;3;1
13;84;2;9;1;4;3;3;2
14;12;13;11;1;4;2;3;4
14;10;11;3;2;2;2;0;3
14;27;8;3;2;2;2;0;2
14;15;11;8;2;1;2;0;3
14;21;5;1;3;1;2;0;2
14;50;11;7;2;2;2;0;3
15;13;5;8;1;2;1;1;2
15;47;8;11;1;3;3;2;2
15;12;11;1;1;3;3;3;3
15;81;10;2;1;2;3;3;3
15;86;1;1;1;2;1;2;1
15;87;9;11;2;2;1;2;3
15;54;13;1;1;2;3;3;4
15;6;11;7;1;2;3;3;3
15;88;7;6;2;3;3;2;2
15;28;11;1;1;3;2;2;3
15;15;6;1;2;3;3;2;2
15;2;3;7;2;2;1;2;1
15;89;9;10;2;3;3;2;3
15;90;10;5;2;2;1;2;3
15;21;4;2;2;2;3;3;2
15;42;12;1;1;3;3;3;4
15;46;9;1;1;4;3;2;2
15;26;9;1;1;3;3;2;3
15;18;10;12;1;4;2;2;3
15;68;9;10;1;3;3;3;2
15;57;8;9;2;3;1;2;3
16;95;8;11;2;2;2;2;2
16;96;9;10;2;2;1;2;3
16;36;11;5;2;3;1;2;4
16;57;10;10;2;2;3;2;3
16;97;11;3;1;3;1;2;3
16;34;11;5;2;3;1;2;3
16;29;3;11;2;2;2;2;1
16;45;6;9;1;2;1;1;2
16;48;9;8;2;3;1;1;3
16;59;8;2;1;4;3;2;3
16;98;11;7;2;2;3;2;4
16;99;9;10;2;2;3;2;3
16;27;11;9;2;2;1;2;3
16;3;9;7;1;3;1;2;3
16;5;8;7;1;3;3;2;2
16;100;10;10;2;2;1;2;3
16;47;8;9;2;2;3;2;2
16;80;10;5;2;2;3;2;3
16;10;9;9;2;2;1;2;3
16;20;4;3;2;3;1;2;2
16;32;9;9;2;2;2;2;3
16;39;4;9;2;2;3;2;1
16;84;5;7;1;2;1;2;1
16;42;1;12;2;1;2;2;1
16;101;4;8;1;1;3;2;1
16;15;9;6;2;3;3;2;3
16;89;7;8;2;2;1;2;2
16;102;12;11;2;2;2;2;4
16;103;13;5;2;3;1;2;4
16;9;9;7;1;3;1;2;3
17;41;13;7;1;2;3;3;4
17;106;13;1;1;3;1;0;4
17;65;11;2;1;2;1;0;3
17;19;10;1;1;3;3;3;3
17;9;10;11;2;2;2;0;2
17;33;12;3;2;2;1;2;4
17;3;9;7;1;2;2;0;2
17;89;10;12;2;2;2;2;2
17;107;11;1;1;2;3;3;3
17;94;4;3;3;2;2;0;1
17;34;10;7;2;2;2;2;3
17;108;10;12;2;4;1;0;3
17;50;10;9;2;2;3;2;3
17;42;9;1;2;2;2;0;3
17;28;9;12;2;2;1;0;2
18;94;8;7;2;2;1;3;3
18;47;12;2;2;2;1;1;0
18;59;9;9;1;4;1;2;2
18;110;12;12;2;1;2;2;4
18;9;8;12;2;1;2;2;2
18;47;12;2;2;2;1;1;3
18;10;11;3;2;2;1;1;4
18;84;12;7;1;4;1;1;3
18;48;10;8;2;2;1;3;0
18;16;4;8;1;2;1;3;1
18;47;12;2;2;2;1;1;3
19;24;5;1;1;1;3;0;2
19;15;11;1;1;1;3;0;3
19;47;8;1;1;1;3;0;3
19;2;4;1;1;2;2;0;1
19;6;5;1;1;1;3;0;2
19;45;8;1;1;2;3;0;2
19;12;7;1;1;4;3;0;2
19;28;7;1;1;4;2;0;2
19;89;8;1;1;2;3;0;2
19;18;9;1;1;2;3;0;3
19;44;8;1;1;2;3;0;2
19;29;2;1;1;1;3;0;1
19;11;4;1;1;1;3;0;1
19;42;7;1;1;2;1;2;2
19;23;8;1;1;2;2;0;2
19;19;9;1;1;2;3;0;3
19;61;4;1;1;4;3;0;2
19;84;7;1;1;2;2;0;2
19;54;8;1;1;2;2;0;2
19;41;8;1;1;2;3;0;2
19;17;8;1;1;1;3;3;2
19;50;5;1;1;4;3;0;2
19;31;6;1;1;1;3;0;2
19;95;2;1;1;1;3;0;1
19;58;7;1;1;2;3;0;2
19;73;8;1;1;2;3;0;2
19;64;10;1;1;2;1;1;3
20;111;12;1;1;3;3;3;4
20;82;10;1;1;2;3;3;3
20;0;10;1;1;3;3;3;3
20;13;9;1;1;3;3;3;3
20;50;8;1;1;2;3;3;2
20;89;12;1;1;3;3;3;4
20;17;11;1;1;2;3;3;4
20;87;12;11;2;2;2;0;4
20;12;9;1;1;3;1;2;3
20;59;10;1;1;2;3;3;3
20;20;12;1;1;3;3;3;3
20;112;12;1;1;2;3;3;4
20;19;8;1;1;3;3;3;2
20;96;13;1;1;2;0;3;4
20;9;4;1;1;2;3;3;1
20;42;12;1;1;2;3;3;4
20;110;6;1;1;2;3;3;2
20;52;3;1;1;2;3;3;1
20;36;8;1;1;3;3;3;2
20;29;10;1;1;4;3;3;3
20;113;12;1;1;2;3;3;4
20;61;7;1;1;4;3;3;2
20;68;6;1;1;1;3;3;2
20;31;9;1;1;2;3;3;2
21;13;10;11;1;2;1;1;3
21;6;13;4;1;2;1;1;4
21;96;8;6;1;3;2;2;3
21;17;7;12;1;4;2;0;2
21;95;8;1;1;4;1;2;2
21;42;8;10;1;4;1;2;2
22;34;10;3;1;1;1;0;3
22;3;9;2;1;0;1;0;2
22;17;7;6;1;3;1;2;2
22;114;6;1;1;1;2;0;1
22;115;6;5;3;4;1;2;2
22;95;8;10;2;3;1;2;2
22;23;7;10;1;1;2;0;2
22;9;11;12;1;1;1;2;3
22;47;11;10;1;3;1;2;4
22;6;12;1;1;2;1;1;4
22;89;9;1;1;0;1;1;3
22;29;9;3;1;2;1;0;2
22;32;10;5;1;3;1;2;3
22;20;10;9;1;4;1;2;3
22;13;10;8;1;2;1;1;3
22;88;8;2;1;2;1;2;3
22;16;7;9;1;2;2;0;2
22;12;11;10;1;2;1;1;4
22;26;10;2;1;2;1;1;3
22;96;9;6;1;0;2;2;3
22;10;9;1;1;0;1;1;2
22;116;7;1;1;1;1;2;2
22;84;10;12;1;2;1;1;3
22;60;8;1;1;4;1;2;2
22;42;9;9;2;4;1;2;3
23;55;10;1;1;1;3;3;3
23;118;7;6;1;1;1;1;3
23;19;7;9;1;3;3;3;3
23;36;10;1;1;1;3;3;3
23;119;9;1;1;1;3;3;2
23;60;7;6;1;4;1;2;2
23;39;7;7;1;2;3;3;2
23;9;10;1;1;3;3;3;3
23;91;11;1;1;3;3;3;0
24;36;8;4;2;3;3;0;3
24;119;4;1;1;1;3;2;1
24;17;7;1;1;1;3;2;2
24;15;8;1;1;1;3;2;3
24;50;2;7;2;2;2;2;1
24;59;11;1;1;4;3;0;4
24;19;7;1;1;3;3;2;3
24;2;10;7;2;3;3;2;3
24;120;7;6;2;1;2;0;2
24;12;11;10;2;4;1;2;4
24;5;10;6;1;3;1;1;3
24;0;9;1;1;1;3;2;3
24;78;9;1;1;1;3;2;3
24;40;7;1;1;2;2;2;2
24;101;8;1;1;4;3;2;3
24;18;5;8;2;3;2;0;1
24;16;7;1;1;1;3;0;2
24;94;9;1;1;2;3;2;3
24;84;8;8;2;3;3;0;3
24;31;9;1;1;1;3;2;3
24;116;8;1;1;1;3;0;3
24;6;10;1;2;4;0;2;4
24;41;9;1;1;4;3;2;3
24;3;11;1;1;2;3;2;4
24;88;10;8;2;4;3;2;3
25;73;9;1;1;2;3;3;3
25;121;10;1;1;2;3;3;4
25;80;9;1;1;2;3;3;3
25;41;7;1;1;4;3;3;2
25;13;11;1;1;4;3;3;2
25;27;11;1;1;2;3;3;3
26;15;8;2;2;1;3;3;3
26;111;10;1;1;3;3;0;3
26;10;9;1;1;4;3;3;3
26;40;6;1;1;3;3;0;2
26;89;12;1;1;3;3;3;3
26;28;8;12;1;3;1;1;2
26;12;11;12;2;2;2;0;3
26;21;13;9;2;2;1;0;4
26;3;10;1;1;2;3;0;2
26;5;8;1;1;3;3;0;2
26;125;8;1;1;3;3;0;2
26;65;10;5;1;3;1;2;3
26;0;9;1;1;3;3;0;3
26;62;7;8;2;2;2;3;2
26;78;8;8;2;4;2;3;0
26;73;10;1;1;1;3;0;3
26;59;12;1;1;2;3;0;3
26;6;12;1;1;1;3;0;4
26;25;10;1;1;2;3;0;3
26;34;10;1;1;2;3;0;2
26;27;11;10;2;2;2;0;3
26;50;3;1;1;1;3;0;1
26;126;11;1;1;3;3;0;3
26;42;5;11;2;2;3;3;2
26;127;8;1;1;2;3;0;3
26;61;4;1;2;4;3;3;1
26;33;11;11;1;3;1;3;3
26;48;10;10;2;4;3;0;2
26;49;7;11;2;4;0;0;2
26;96;5;1;1;2;3;0;2
27;12;13;5;1;2;3;0;4
27;94;8;6;1;2;2;0;2
27;84;9;9;2;1;2;0;2
27;128;5;12;2;1;2;3;1
27;13;11;1;1;2;3;0;4
27;36;12;8;2;2;2;0;3
27;19;7;4;2;1;3;3;2
27;14;13;11;1;1;1;0;4
27;9;12;7;2;1;3;3;3
27;17;6;6;2;2;1;3;2
27;15;12;3;1;2;1;2;4
27;78;11;1;1;4;3;0;3
27;89;11;10;1;2;2;0;3
27;0;12;11;1;2;3;0;4
27;48;7;8;2;2;1;2;2
27;46;6;5;2;1;1;2;2
27;45;12;12;1;2;3;2;4
27;3;8;9;2;2;3;0;2
27;27;12;6;2;2;3;3;4
27;33;7;7;2;2;1;3;2
27;50;6;11;1;1;2;0;2
27;44;7;3;2;1;3;0;2
27;10;12;6;2;2;3;3;4
27;6;13;1;1;4;3;2;4
28;15;9;1;2;3;1;2;3
28;73;10;8;2;3;1;2;3
28;27;4;9;2;3;1;2;2
28;10;10;1;2;3;2;2;4
28;96;7;8;2;1;2;2;3
28;24;1;4;2;2;1;2;1
28;32;12;1;2;2;1;2;3
28;2;7;1;1;3;2;2;2
28;34;10;1;2;1;2;2;3
28;9;1;7;1;2;2;2;0
28;89;13;1;2;3;1;1;4
28;20;10;1;1;3;1;2;3
28;4;10;1;1;3;1;2;3
28;19;9;9;2;3;1;2;3
28;0;7;1;1;3;1;2;2
28;59;10;4;2;2;1;2;3
28;130;4;1;1;2;1;2;2
28;53;6;1;2;3;2;2;2
28;131;10;10;2;2;2;2;3
28;86;9;1;1;3;1;2;3
28;23;8;10;2;1;1;2;2
28;51;13;1;1;3;1;1;4
28;42;7;9;2;1;1;2;2
28;41;10;5;2;2;2;2;3
29;27;9;4;3;2;2;0;3
29;9;9;10;2;4;2;0;3
29;17;8;4;3;2;2;0;3
29;129;8;10;2;2;2;0;3
29;0;2;1;1;4;3;0;1
29;59;10;1;1;4;3;0;3
29;82;9;4;1;4;1;2;3
29;20;7;4;2;1;2;0;2
29;41;8;1;1;4;3;0;3
29;12;12;8;2;4;2;0;3
29;36;11;6;1;2;2;0;4
29;132;9;6;2;2;2;2;3
29;68;8;4;2;4;2;0;3
29;42;6;6;2;4;1;0;2
29;56;9;5;1;2;3;3;3
29;21;11;4;3;2;2;0;3
29;89;11;1;1;4;3;0;3
29;15;12;1;1;4;3;0;4
29;3;10;1;1;4;3;2;3
29;19;10;1;1;4;3;3;3
29;60;5;7;2;1;2;2;2
29;5;9;6;1;2;1;2;3
29;61;8;6;1;4;1;2;2
29;133;5;7;2;4;2;0;2
29;4;10;2;3;4;2;0;3
29;63;5;9;1;2;3;0;2
29;37;1;4;3;2;2;0;1
29;11;10;7;1;4;1;2;3
29;94;4;12;1;2;2;2;2
29;96;9;4;2;2;1;0;3
29;10;12;1;1;4;3;1;4
29;47;6;1;1;2;1;2;3
30;41;10;6;2;3;2;2;3
30;19;9;7;1;2;1;1;4
30;15;11;1;1;3;1;1;3
30;5;11;2;1;2;1;1;3
30;58;12;10;2;3;1;2;4
30;132;8;6;2;1;1;2;3
30;20;5;7;2;1;1;2;2
30;40;8;4;2;3;1;2;2
30;118;12;7;2;2;1;1;4
30;28;9;11;1;2;1;1;4
30;53;11;3;1;2;1;1;3
30;90;12;5;1;2;1;1;4
30;18;9;1;2;3;1;1;3
30;84;7;1;1;2;1;1;2
30;119;8;1;1;3;1;1;3
30;96;9;7;1;2;1;2;3
30;54;10;8;2;3;2;2;3
30;48;9;8;2;2;1;1;3
30;78;10;6;2;3;2;2;3
30;33;8;8;2;2;2;2;3
30;16;8;6;1;2;1;1;3
30;134;1;6;2;2;1;2;1
30;10;11;3;2;2;1;1;4
30;36;10;4;2;4;1;2;3
31;50;11;8;1;4;2;2;3
31;86;4;6;2;3;2;2;1
31;0;8;6;2;3;2;2;2
31;55;13;4;2;2;1;2;4
31;73;10;5;2;3;1;2;3
31;40;9;3;2;2;2;2;2
31;32;13;4;2;2;1;2;4
31;129;11;7;2;1;1;2;4
31;4;11;2;1;3;1;2;3
31;26;9;12;1;1;2;2;2
31;15;11;7;2;1;1;2;3
31;61;10;8;2;4;2;2;2
31;8;10;4;2;3;1;2;2
31;18;9;2;2;3;2;2;2
31;34;12;10;1;2;1;2;4
31;28;10;11;1;4;2;2;3
31;22;9;12;1;3;2;2;3
31;54;11;11;1;2;1;2;3
32;47;13;1;1;4;3;2;4
32;29;13;1;1;2;3;2;4
32;48;0;1;1;2;2;0;0
32;96;13;1;1;4;3;2;4
33;42;10;5;2;3;2;0;4
33;26;13;11;1;2;1;2;4
33;135;8;11;2;3;2;3;3
33;6;12;12;1;3;3;3;4
33;16;4;11;2;1;1;2;2
33;96;9;10;2;2;2;0;3
33;2;13;7;2;1;2;3;4
33;52;6;11;2;3;1;2;2
33;95;10;1;2;4;3;0;4
33;89;7;10;2;3;1;2;2
33;13;11;8;2;3;2;0;0
33;10;10;10;2;1;2;3;4
33;12;13;4;2;3;2;3;4
33;73;11;9;2;1;1;2;4
33;100;11;10;2;2;2;2;4
33;15;12;10;2;1;2;0;4
33;9;4;8;1;4;1;2;2
33;0;2;7;2;3;2;0;1
33;18;10;1;2;3;2;3;4
33;115;11;2;2;3;2;0;4
33;48;9;7;2;2;2;3;3
33;90;9;1;2;3;2;3;0
34;13;6;4;2;2;2;2;2
34;32;3;1;1;2;2;3;3
34;96;13;10;1;2;0;1;4
34;11;2;2;2;2;2;3;4
34;65;12;6;2;2;2;2;4
34;60;4;10;1;2;0;2;2
34;130;4;1;2;4;2;3;3
34;68;11;10;2;1;1;1;3
34;83;10;8;2;4;2;0;3
34;129;3;10;1;2;1;2;2
34;90;6;10;1;4;2;2;3
34;119;12;1;1;2;2;0;3
34;23;5;9;3;2;2;0;2
34;41;8;9;1;2;1;2;3
34;18;12;7;2;1;2;2;3
34;20;6;6;1;2;2;2;2
34;31;13;3;1;3;1;2;4
34;84;11;10;2;3;1;2;2
34;5;12;1;1;2;1;1;3
34;52;1;9;2;2;1;1;1
34;15;10;4;2;1;2;0;3
34;133;1;10;1;1;2;3;1
34;132;9;6;1;2;2;2;3
34;24;5;7;1;3;2;0;2
34;82;10;9;1;3;2;2;3
34;86;8;6;1;2;2;2;2
34;109;9;1;1;1;1;1;3
34;50;8;2;3;2;2;2;2
34;136;7;7;1;2;1;1;3
34;9;8;5;2;3;2;2;3
34;58;9;3;2;2;3;3;2
34;29;11;10;3;2;2;2;4
34;46;12;6;2;4;2;1;3
34;110;9;8;1;2;1;1;2
34;37;10;6;2;4;1;1;2
34;40;7;2;1;1;2;2;3
34;137;9;10;2;2;1;2;3
34;33;11;8;1;3;1;1;4
34;57;12;2;3;2;2;0;3
34;3;3;7;1;3;2;0;1
34;138;8;9;2;2;2;2;2
34;139;3;10;2;2;2;2;1
35;40;11;8;1;1;2;2;3
35;12;10;8;2;4;1;2;3
36;34;12;7;2;1;2;0;4
36;6;9;2;2;2;2;0;3
36;89;10;1;1;4;3;2;3
36;19;8;7;1;4;2;2;2
36;3;11;1;1;4;3;1;3
37;59;13;1;1;4;0;3;0
37;132;12;2;2;4;2;0;3
37;0;7;1;3;2;1;2;2
37;10;8;12;2;3;1;2;2
37;11;6;2;1;4;1;3;2
37;50;10;11;2;2;1;2;3
38;47;12;3;2;3;2;2;4
38;27;12;9;2;4;1;0;3
38;3;10;8;1;4;1;2;2
38;10;11;11;2;4;1;2;3
38;11;5;5;1;4;1;2;2
38;15;12;11;1;2;2;2;4
38;140;12;5;2;1;1;2;3
38;37;7;11;2;1;1;2;2
38;25;9;5;2;1;1;2;2
38;61;8;11;1;3;1;2;2
38;60;6;10;2;4;2;2;2
38;65;13;8;1;3;2;1;4
38;44;13;10;1;4;1;2;4
38;16;7;6;1;2;1;1;2
38;132;12;11;2;4;1;2;4
38;45;11;11;1;4;1;2;3
38;131;3;3;2;3;2;2;1
38;94;6;9;2;4;2;2;2
38;56;11;12;1;4;1;2;3
38;41;2;6;1;2;2;1;1
38;64;10;11;2;4;2;2;3
38;5;10;5;1;4;1;2;3
38;4;10;11;2;1;1;2;2
38;17;11;5;2;4;1;2;4
38;18;13;9;1;4;1;2;4
38;141;1;6;1;4;2;1;1
38;116;11;1;1;2;1;1;3
38;110;11;11;1;4;1;2;4
38;13;13;6;1;4;1;1;4
38;50;7;7;2;4;2;2;2
38;19;13;10;1;2;1;3;4
39;110;4;7;2;2;3;0;1
39;10;8;2;2;3;1;2;2
39;73;11;7;2;2;3;0;3
39;18;10;1;1;2;3;0;3
39;41;9;6;2;2;3;0;3
39;62;7;7;2;4;3;0;2
39;17;9;3;2;2;2;0;3
39;19;10;1;2;3;3;0;3
39;27;12;4;2;3;2;0;4
39;28;10;12;2;2;3;0;3
39;0;6;1;2;2;2;0;2
39;109;8;1;2;3;1;2;2
40;6;9;3;2;2;2;2;2
40;118;10;1;1;2;3;3;4
40;12;8;4;2;3;2;2;2
40;13;7;3;2;2;3;2;2
40;142;10;12;1;2;3;1;3
40;51;10;9;2;3;3;2;3
41;32;8;12;1;3;1;2;2
41;6;8;4;1;2;1;1;2
41;9;8;7;1;2;2;2;2
41;57;12;10;2;4;1;2;4
41;143;11;9;1;1;1;2;3
41;25;6;1;2;3;2;2;2
41;34;13;11;1;3;1;2;4
41;12;10;12;1;2;1;2;3
41;86;8;3;2;3;1;2;3
41;53;7;1;2;2;2;2;2
42;45;10;5;2;2;1;2;3
42;88;11;11;2;4;1;2;3
42;24;8;9;2;2;1;2;2
42;31;9;6;1;1;1;2;2
42;10;10;3;2;4;1;3;3
42;58;12;1;1;4;3;2;4
42;144;11;1;1;2;1;2;3
42;137;9;1;1;2;3;2;2
42;52;10;3;2;2;1;2;2
42;12;11;8;2;2;1;1;3
42;119;9;7;2;2;1;2;2
42;115;10;7;2;4;1;2;3
42;34;12;4;1;2;1;1;4
42;84;7;2;1;2;1;2;2
42;44;11;6;2;2;1;2;3
42;25;11;2;1;2;3;3;4
42;145;10;4;2;1;1;2;3
42;15;10;1;1;2;1;1;3
42;50;8;8;2;4;2;0;2
42;55;10;10;2;4;1;2;3
42;9;10;6;1;4;1;1;3
42;41;7;10;1;2;1;2;2
42;94;10;12;1;2;1;1;3
42;17;10;6;2;4;1;2;3
42;36;10;5;2;2;1;2;3
42;32;11;5;2;4;1;2;4
42;5;10;4;2;1;3;2;3
43;6;13;1;1;2;2;2;4
43;146;13;1;1;3;1;1;4
43;147;13;1;1;1;3;2;4
43;66;12;3;3;4;2;2;3
43;148;2;1;1;1;3;2;1
43;13;10;1;1;3;1;1;3
43;9;5;1;1;2;1;1;1
43;18;13;2;2;2;1;2;4
43;149;10;1;1;3;1;1;2
43;150;10;1;1;2;1;1;2
43;42;9;1;1;3;1;1;2
43;29;4;1;1;1;3;2;1
43;12;11;1;1;4;3;3;3
43;25;7;1;1;2;1;3;2
43;15;11;2;1;2;2;2;3
43;73;13;1;1;3;2;1;4
43;151;10;1;1;2;1;1;2
43;75;12;1;1;2;1;1;4
43;77;13;1;1;4;3;2;4
44;57;13;10;2;3;1;3;4
44;86;10;3;2;3;2;0;3
44;96;6;7;1;2;1;3;2
44;27;11;12;2;3;1;3;4
44;143;13;9;1;1;1;2;4
44;9;9;7;1;2;2;0;2
44;53;9;1;2;2;2;2;2
44;34;13;3;2;3;1;2;4
44;59;13;1;1;4;3;2;4
45;9;12;1;1;2;2;2;4
45;41;11;1;1;3;2;2;3
45;116;0;1;1;1;0;0;0
45;6;13;1;1;3;1;1;4
45;17;4;1;1;3;2;2;1
45;23;11;1;1;2;1;1;3
45;96;13;1;1;2;1;1;3
45;12;13;1;1;2;1;1;4
46;20;8;1;1;2;3;3;3
46;0;11;1;1;1;2;0;3
46;6;13;1;1;1;3;3;4
46;17;8;1;1;3;1;2;2
46;27;7;1;1;2;2;0;2
46;13;12;1;1;3;1;1;4
46;116;12;1;1;1;1;2;4
46;44;6;1;1;2;3;3;2
46;42;8;1;1;3;1;1;2
46;89;5;1;1;3;3;3;2
46;41;12;1;1;3;3;0;4
46;9;11;1;1;3;1;1;3
46;39;7;1;1;4;3;3;2
46;11;8;1;1;3;1;1;3
46;80;9;1;1;1;3;3;3
46;36;11;1;1;2;3;3;3
46;119;6;1;1;2;1;1;2
46;23;11;1;1;1;2;0;3
46;64;6;1;1;3;2;0;2
46;18;10;1;1;3;1;1;4
46;82;7;1;1;2;2;0;2
46;109;1;1;1;1;3;2;1
46;16;12;1;1;2;1;1;3
46;45;10;1;1;2;1;2;3
46;129;8;1;1;1;1;2;2
46;29;12;1;1;3;2;0;3
46;53;10;1;1;1;3;0;3
46;5;11;1;1;1;2;0;4
47;21;9;1;1;2;3;2;2
47;0;8;1;1;2;3;2;2
47;89;10;1;1;4;3;1;3
47;3;8;1;1;2;3;2;2
47;96;12;1;1;2;3;1;3
47;2;9;1;1;3;2;2;3
47;34;8;1;1;4;1;2;2
47;91;9;1;2;4;2;2;2
47;9;12;1;1;2;3;1;4
47;12;12;1;1;2;3;2;4
47;82;8;8;2;3;2;0;2
47;109;6;9;2;3;2;0;1
47;45;10;1;1;2;3;1;3
48;47;10;8;1;3;3;2;4
48;37;4;8;1;3;1;2;1
48;26;11;8;2;3;3;2;4
48;152;13;11;2;2;3;2;4
48;125;12;9;2;3;3;2;4
48;95;5;8;2;1;3;2;1
48;153;13;2;3;2;3;2;4
48;154;13;1;1;2;3;3;4
48;100;10;12;2;2;3;2;4
48;155;12;11;2;3;1;1;4
48;9;10;7;1;3;3;3;4
48;53;7;8;1;3;3;2;2
48;33;10;5;2;1;3;2;4
48;45;10;4;1;2;1;2;4
48;34;11;1;3;1;3;2;4
48;119;10;11;1;2;3;2;4
48;40;7;8;2;3;1;2;2
48;27;10;1;3;2;1;2;4
48;23;4;3;1;3;3;3;1
48;153;13;2;3;2;3;2;4
48;156;10;12;2;3;1;2;3
48;52;9;10;2;1;3;2;2
48;153;13;2;3;2;3;2;4
48;157;12;1;1;3;3;3;4
48;6;13;7;1;3;1;1;4
48;82;1;11;1;3;1;2;1
48;28;8;12;1;3;3;2;2
48;29;7;4;2;1;3;2;2
48;59;7;3;1;3;3;2;2
48;13;7;6;1;4;3;2;2
48;158;13;10;2;2;1;2;4
48;159;13;3;1;2;3;2;4
48;160;13;5;2;2;3;2;4
48;23;4;3;1;3;3;3;1
48;153;13;2;3;2;3;2;4
48;66;13;7;2;3;1;1;4
48;65;10;8;1;3;3;3;3
48;153;13;2;3;2;3;2;4
48;113;12;9;2;3;1;1;4
48;94;10;8;1;3;1;3;4
49;34;10;12;2;2;3;2;4
49;89;8;11;2;4;3;2;2
49;29;8;4;2;3;2;2;2
49;95;6;9;2;1;3;2;1
49;10;7;3;2;2;1;1;2
49;13;9;6;1;4;2;2;2
49;45;10;9;1;2;1;2;3
49;40;7;8;2;3;1;2;2
49;26;11;7;2;2;1;2;4
49;52;7;6;2;1;2;2;2
49;58;7;1;1;1;3;2;2
49;6;13;1;1;2;1;1;4
49;16;8;8;1;3;1;2;2
49;47;11;8;1;3;3;2;3
49;40;7;8;2;3;1;2;2
49;89;8;11;2;4;3;2;2
49;65;9;7;1;3;2;2;2
50;6;12;8;1;2;3;0;4
50;53;9;11;1;2;3;0;3
50;132;9;8;1;4;3;0;3
50;28;8;1;2;2;3;0;2
50;119;9;10;2;2;3;0;3
50;100;12;4;2;2;1;0;4
50;57;11;11;2;1;3;0;4
50;73;8;1;2;2;3;0;2
50;18;9;11;1;1;3;0;3
50;121;7;1;3;2;2;0;2
50;78;8;4;1;2;3;0;2
50;25;2;11;1;4;3;0;1
50;34;10;6;2;1;3;0;3
50;12;11;10;2;2;1;0;3
50;44;11;6;2;2;3;0;3
51;34;10;9;2;1;2;0;3
51;10;8;10;2;1;2;0;2
51;161;6;3;2;1;3;2;2
51;117;9;9;2;2;1;2;3
51;58;10;1;1;4;3;2;3
51;18;10;7;2;2;1;0;3
51;84;9;6;2;2;2;0;3
51;12;11;8;2;2;2;0;3
51;59;10;1;1;4;3;2;3
51;89;11;6;2;2;2;0;4
51;28;11;12;2;2;2;0;4
51;94;4;8;2;1;2;2;1
52;82;9;1;1;2;2;2;2
52;42;11;6;2;2;3;2;3
52;95;11;7;1;2;3;2;3
52;110;10;6;1;1;1;2;3
52;41;9;5;1;2;1;0;2
52;15;10;7;2;2;3;2;3
52;96;11;6;1;3;3;3;3
52;0;10;6;1;1;3;2;2
52;3;10;1;1;1;2;2;3
52;57;12;1;1;2;2;0;4
52;17;10;8;2;2;3;2;3
52;45;11;9;1;2;1;2;3
52;27;11;11;2;1;1;2;3
53;29;10;1;1;1;1;2;2
53;19;7;1;1;4;1;1;2
53;21;10;3;1;2;0;3;3
53;27;12;7;2;3;1;2;3
53;24;10;3;3;4;2;0;3
53;16;8;3;2;1;3;3;2
53;31;13;1;1;2;1;1;4
53;4;11;1;1;4;3;3;3
53;28;7;1;1;1;3;3;2
53;28;7;1;1;1;3;3;2
53;28;6;1;1;1;3;3;2
53;89;13;1;1;3;1;2;4
53;33;11;1;1;4;3;3;3
53;59;11;1;1;4;1;2;3
53;10;8;1;1;2;1;1;2
53;12;13;1;1;2;3;3;4
53;0;8;11;2;4;2;0;3
53;91;7;1;1;3;1;2;2
53;40;7;5;2;2;3;3;3
53;20;12;1;1;4;1;3;4
53;54;11;3;3;1;1;2;3
53;42;8;1;1;1;1;2;2
53;129;11;2;1;2;1;2;4
53;96;10;4;1;4;1;1;3
53;28;7;1;1;1;3;3;2
53;28;7;1;1;1;3;3;2
53;28;6;1;1;1;3;3;2
53;6;11;1;1;4;3;3;4
53;13;10;1;1;2;1;1;3
53;3;11;1;1;4;1;2;3
53;9;7;4;3;1;1;2;2
53;15;9;1;1;4;2;0;2
53;62;11;1;1;2;1;1;4
53;48;2;1;2;3;1;1;1
53;100;11;11;2;2;0;0;4
53;23;5;1;1;2;3;3;2
53;1;9;1;1;2;1;2;3
53;95;6;1;1;1;3;3;2
53;17;8;3;3;1;1;2;2
53;41;7;1;1;2;1;1;2
54;3;10;1;2;2;3;0;3
55;36;9;7;1;1;2;0;2
55;120;12;1;1;2;2;0;4
55;6;13;1;1;2;1;1;4
55;32;9;1;1;1;0;0;3
55;100;9;5;2;2;1;2;3
55;33;8;8;2;2;1;2;2
55;73;8;4;2;4;2;0;2
55;25;12;8;1;1;2;0;4
55;18;10;1;2;1;1;1;3
55;44;9;7;2;4;1;2;0
55;32;8;6;1;2;2;2;0
55;32;9;1;1;1;0;0;3
55;13;7;1;1;1;3;3;1
55;53;10;8;1;3;1;2;3
55;96;4;3;2;2;2;0;1
55;0;4;1;1;2;3;3;1
55;63;7;6;2;1;2;0;2
55;32;8;6;1;2;2;2;2
55;32;9;1;1;1;0;0;3
56;9;0;2;1;4;1;2;3
57;113;11;10;2;2;1;2;3
57;162;9;1;1;3;3;2;3
57;163;12;1;1;2;3;3;4
57;164;9;8;2;2;1;3;2
57;2;11;6;2;2;2;0;3
57;135;9;4;2;3;1;2;3
57;27;11;10;2;2;1;2;3
57;165;11;1;1;2;3;3;3
57;31;8;10;2;2;2;0;2
57;18;9;5;1;3;1;2;3
57;9;12;9;2;2;1;2;4
57;10;6;11;2;4;1;2;2
57;36;11;5;2;2;3;0;3
57;157;12;1;1;2;3;3;4
57;50;3;4;2;3;3;2;1
57;126;10;8;2;1;2;0;3
57;94;8;8;2;1;1;2;2
57;6;13;1;1;2;1;1;4
57;13;9;4;2;3;1;2;3
57;63;7;9;2;2;3;0;2
58;86;12;1;1;2;2;2;4
58;79;10;1;1;2;2;2;3
58;26;9;1;1;1;0;2;2
58;39;11;2;1;3;2;2;3
58;6;12;1;1;4;1;1;4
58;48;10;1;1;3;1;1;3
59;0;10;3;1;3;1;2;3
59;49;9;7;2;1;1;1;2
59;19;13;7;1;4;1;1;4
59;16;7;10;2;3;1;2;2
59;91;12;7;2;3;2;2;4
59;15;13;1;1;3;1;1;4
59;52;7;3;1;3;1;1;2
59;14;10;3;1;3;1;2;3
59;25;12;1;1;3;1;1;4
59;10;12;2;2;3;1;1;4
59;134;11;1;1;3;1;2;3
59;13;8;1;1;3;1;2;3
59;116;10;1;1;4;1;2;3
59;13;8;1;1;3;1;2;3
59;5;4;2;2;3;1;2;1
59;21;11;9;2;3;1;2;3
59;42;10;7;2;3;1;2;3
59;26;10;6;1;4;1;2;3
59;78;12;9;2;3;1;2;4
59;6;13;4;1;3;1;1;4
59;20;5;1;1;4;3;2;1
59;31;10;2;1;3;1;1;3
59;89;11;6;1;3;2;2;3
59;41;11;1;1;3;1;1;3
59;13;8;1;1;3;1;2;3
59;119;11;5;1;3;1;1;3
59;84;4;7;2;3;1;2;1
59;58;13;1;1;4;1;2;4
59;36;13;1;1;3;1;1;4
59;33;8;6;2;1;1;2;2
59;115;12;1;1;3;1;2;4
59;27;9;10;2;3;1;1;3
59;40;6;9;2;3;1;2;2
59;96;13;7;1;3;1;1;4
60;133;10;1;1;2;2;2;2
60;17;9;1;1;1;3;2;2
60;78;10;1;1;4;1;2;3
60;29;13;1;1;4;3;2;4
60;6;12;1;1;4;3;0;3
60;52;11;1;1;4;3;2;2
60;86;12;1;1;2;2;2;3
60;41;9;1;1;1;1;0;2
60;81;13;1;1;4;1;2;3
60;50;8;1;1;2;3;2;2
60;10;12;1;1;2;2;0;3
60;84;8;1;1;3;1;3;2
60;45;10;1;1;2;3;0;2
60;42;11;1;1;1;2;2;2
60;132;10;1;1;2;3;2;2
60;9;12;1;1;1;3;2;3
60;3;9;1;1;4;3;2;2
60;90;13;1;1;4;3;2;3
60;96;13;1;1;4;1;2;4
60;116;10;1;1;4;3;0;3
60;15;10;1;1;1;1;0;3
60;7;11;1;1;4;1;2;3
60;121;11;1;1;2;3;0;3
60;44;11;1;1;1;3;0;2
60;26;12;1;1;1;3;2;3
60;13;13;1;1;2;3;3;4
60;12;10;1;1;1;3;2;2
60;73;9;1;1;1;3;2;2
60;119;11;1;1;1;1;2;3
60;16;13;1;1;4;3;2;3
60;19;11;1;1;4;1;2;3
60;47;12;1;1;1;2;0;3
60;5;12;1;1;4;3;2;3
61;10;11;1;2;1;1;0;3
61;129;9;3;3;1;1;2;3
61;46;9;6;2;2;0;3;3
61;109;8;11;2;1;3;3;2
61;7;7;11;2;1;0;0;2
61;50;10;12;2;1;3;0;3
61;1;8;4;3;1;1;3;2
61;95;9;8;2;2;1;3;3
61;58;9;1;1;1;3;3;3
61;79;10;8;2;4;3;0;3
61;53;12;7;1;2;2;3;4
61;94;9;3;3;1;1;3;3
61;61;10;2;3;1;3;3;3
61;29;8;7;1;1;3;3;2
62;45;6;10;2;1;2;0;2
62;44;9;3;2;1;3;0;3
62;15;10;5;2;2;3;0;3
62;36;9;2;2;1;2;0;3
62;5;4;5;2;1;1;3;2
63;40;10;1;1;4;1;1;3
64;9;12;1;1;2;1;1;4
64;62;8;1;1;2;1;2;3
64;18;11;1;1;1;1;2;4
64;109;8;1;1;2;1;2;2
64;41;10;1;1;2;1;2;2
64;45;7;1;1;2;1;2;2
64;1;9;1;1;2;1;2;3
64;10;9;1;2;2;1;1;3
64;26;13;1;1;2;1;1;4
64;110;11;1;1;2;1;1;3
64;96;13;1;1;2;1;1;4
64;132;12;1;1;2;1;1;4
64;19;7;1;1;2;1;2;2
64;20;12;1;1;4;1;2;3
64;12;12;1;1;1;1;2;4
65;110;7;1;1;3;3;3;2
65;84;7;3;3;3;1;2;2
66;3;10;5;2;1;3;0;3
66;119;8;12;1;2;1;2;2
66;25;12;11;1;2;1;2;4
66;57;11;1;1;2;1;2;3
66;166;10;8;2;4;2;0;3
66;94;10;3;2;1;2;0;3
66;19;6;8;1;2;2;0;2
66;129;10;8;1;2;2;0;3
66;34;11;2;2;2;1;2;3
66;27;12;4;2;2;1;2;4
66;100;7;3;2;1;2;0;2
66;6;12;5;1;2;3;0;3
66;50;5;3;2;2;1;2;2
66;88;10;12;1;4;3;2;3
67;8;13;1;1;2;2;0;4
67;12;7;5;1;4;2;0;2
67;39;10;3;1;4;2;0;3
67;21;12;5;1;4;1;1;4
67;7;5;6;2;4;2;0;2
67;65;13;4;3;2;2;0;4
67;19;10;3;3;2;2;0;3
67;62;8;5;2;2;2;0;3
67;0;4;1;3;2;2;0;2
67;14;8;7;2;4;2;0;3
67;6;13;5;2;4;2;0;4
67;20;4;5;2;4;2;0;1
67;16;9;6;2;4;2;0;3
67;5;1;3;1;2;1;1;1
67;34;8;6;2;2;2;0;3
67;2;6;4;3;2;2;0;2
67;1;11;1;1;2;1;1;3
67;82;12;3;2;4;2;0;3
67;63;6;6;2;4;2;0;2
67;4;13;1;1;2;2;0;4
67;17;10;12;2;1;0;0;3
67;13;11;8;2;4;2;0;3
67;49;8;5;1;2;2;0;3
67;89;12;4;2;4;2;0;4
67;22;13;4;1;2;1;1;4
68;45;10;8;2;2;1;2;3
68;28;13;12;2;2;3;0;4
68;170;8;4;3;2;1;2;3
68;171;13;1;1;2;3;0;4
68;172;12;1;1;2;3;0;4
68;110;11;1;2;2;1;0;3
68;70;12;12;2;3;3;0;4
68;78;7;4;3;2;3;0;2
68;23;10;1;2;3;3;0;3
68;52;4;1;1;1;1;2;2
68;18;12;1;2;4;1;2;4
68;129;12;3;3;4;3;0;3
68;64;9;8;2;2;3;0;2
68;14;12;3;2;2;3;0;3
68;27;12;1;2;3;1;2;3
68;17;12;2;2;2;3;0;3
68;95;6;1;3;2;3;0;0
68;173;13;1;2;1;3;0;4
68;11;7;3;3;3;1;2;2
68;34;12;1;2;4;3;0;3
68;59;13;1;1;4;1;3;4
68;104;12;4;3;3;1;3;3
68;174;13;1;1;4;3;0;4
68;24;8;1;1;3;3;0;3
68;175;12;1;3;3;3;0;4
68;36;13;1;1;3;1;2;4
68;42;12;1;1;2;3;2;4
68;176;13;1;2;3;0;2;4
68;26;10;3;3;2;2;2;3
68;41;13;10;2;1;3;0;4
68;177;13;1;3;2;1;2;4
68;20;13;3;3;3;1;2;4
68;68;13;1;1;2;3;0;4
68;178;13;4;3;2;2;0;4
68;50;10;1;2;2;3;0;3
68;108;10;1;3;4;1;2;3
68;79;1;1;2;3;3;0;1
68;39;1;3;3;2;3;0;1
68;89;11;12;2;4;3;0;3
68;82;8;5;2;2;1;3;3
69;49;8;9;2;2;2;2;2
69;6;13;8;1;2;1;2;4
69;86;11;3;2;2;1;2;4
69;73;11;10;1;4;3;2;3
69;44;9;3;3;3;1;2;3
69;58;6;9;2;1;2;2;2
70;34;7;9;2;2;1;2;2
70;181;8;11;2;2;3;2;2
70;57;10;7;2;3;1;2;3
70;86;4;4;2;3;1;2;1
70;29;7;1;1;3;3;2;2
70;12;9;12;1;4;1;1;2
70;19;7;1;1;3;3;0;2
70;182;8;10;1;3;1;1;2
70;15;11;7;1;4;3;0;3
70;18;3;1;1;3;3;1;1
70;102;12;1;1;3;3;2;4
70;13;10;4;2;3;1;2;3
70;183;10;1;1;3;3;1;3
70;3;11;1;1;3;3;2;3
70;154;11;9;2;2;3;0;3
70;27;3;4;1;3;1;3;1
70;89;10;9;2;3;1;2;3
70;1;9;11;2;3;1;2;2
70;6;10;5;2;3;3;0;3
70;10;8;9;2;3;1;2;2
70;182;8;10;1;3;1;1;2
70;96;6;1;1;3;3;2;1
70;65;8;5;1;3;3;3;2
70;184;12;9;2;2;3;2;4
70;82;10;12;1;2;2;0;2
70;185;11;11;2;2;1;1;3
70;73;10;1;1;3;3;2;3
70;132;11;10;2;2;1;2;3
70;54;10;8;2;3;1;2;3
70;17;7;11;2;2;1;2;2
70;186;5;10;2;3;1;2;1
70;26;10;1;1;4;3;0;3
70;182;8;10;1;3;1;1;2
70;60;7;1;1;3;3;0;2
71;187;7;1;1;1;1;1;3
71;4;0;1;1;1;0;0;0
72;61;11;8;1;2;1;1;3
72;40;9;3;2;4;3;3;2
72;48;11;7;2;3;1;1;3
72;11;11;1;2;2;3;3;3
72;3;12;1;1;2;1;2;4
72;86;1;1;1;2;3;3;1
72;116;4;7;2;1;3;2;1
72;31;4;8;2;1;3;0;1
72;41;11;12;1;2;1;3;3
72;44;8;6;2;2;3;2;2
72;96;10;6;1;2;3;3;3
72;42;12;8;2;2;3;2;4
72;5;10;3;1;2;3;3;3
73;33;10;10;2;2;2;2;3
73;63;10;10;2;2;2;1;2
73;17;8;11;2;4;3;3;3
73;27;10;5;2;2;1;0;3
73;45;10;4;1;2;2;0;3
73;73;10;10;2;1;2;2;3
73;56;8;9;2;3;1;2;2
73;53;8;10;2;1;2;0;2
73;119;9;10;2;2;1;2;3
73;120;11;11;2;1;1;0;0
73;40;9;8;2;3;1;2;0
74;54;13;8;2;4;2;0;4
74;62;7;8;2;1;2;0;2
74;21;11;1;3;2;1;2;4
74;86;1;1;1;2;1;1;1
74;57;9;3;3;1;1;2;3
74;89;5;7;2;1;1;2;2
74;27;11;10;2;2;1;2;4
74;133;10;11;2;4;1;0;3
74;2;13;3;2;4;1;2;4
74;12;13;1;1;2;1;1;4
74;73;13;1;1;4;1;1;4
74;42;10;8;1;2;1;2;3
74;40;10;11;2;1;1;2;3
74;3;12;1;1;4;1;1;4
74;15;13;1;1;2;1;1;4
74;20;7;1;1;2;3;0;2
74;31;8;12;1;2;2;0;2
74;82;10;2;3;2;2;0;3
74;17;13;5;1;2;1;1;4
75;0;7;2;1;3;3;2;2
75;84;1;1;1;2;1;1;1
75;65;11;1;2;3;3;3;3
75;45;11;1;1;2;1;1;3
75;42;12;1;1;2;3;2;4
75;59;13;1;1;4;1;1;4
75;17;8;6;1;2;2;2;2
75;34;13;1;2;3;2;2;3
75;3;11;1;1;2;1;1;3
75;41;9;1;1;4;1;2;2
75;89;6;1;1;2;3;3;2
75;57;13;1;1;3;3;3;4
75;29;5;1;1;4;3;2;2
75;15;13;9;2;2;3;2;4
75;18;13;11;1;4;1;1;4
75;48;4;7;2;3;1;1;1
75;24;10;1;1;1;3;3;3
75;135;6;1;1;2;2;2;2
75;36;12;1;1;2;1;1;3
75;27;12;7;2;3;3;2;3
75;12;13;1;1;3;1;1;4
76;73;10;8;3;2;3;0;3
76;18;12;9;1;4;1;1;3
76;0;9;1;1;3;3;2;2
76;57;13;7;2;3;1;2;4
76;48;12;9;1;4;1;1;3
76;84;1;1;1;2;0;3;1
76;135;9;1;1;2;2;2;3
77;90;11;2;2;2;2;1;4
77;118;1;12;2;4;3;3;1
77;48;9;1;2;1;1;1;0
77;188;12;3;3;2;1;2;4
77;133;8;3;1;2;1;1;4
77;189;2;1;1;2;1;1;1
77;82;1;12;2;4;3;3;1
77;94;11;8;3;1;2;2;4
77;133;6;2;1;3;1;1;2
77;190;12;2;1;2;1;1;3
77;189;2;1;1;2;1;1;1
77;82;1;12;2;4;3;3;4
77;84;10;1;1;1;1;1;3
78;27;10;8;2;3;1;2;3
78;60;7;11;3;1;2;0;2
78;42;5;2;3;1;2;0;1
78;57;13;11;2;1;2;0;4
78;20;4;1;1;2;3;0;1
78;15;8;1;1;3;2;0;2
78;54;9;1;3;2;2;0;2
78;19;6;10;1;4;3;0;1
78;89;8;3;1;4;1;2;3
79;86;12;1;1;1;1;2;3
79;10;3;6;2;2;1;2;1
79;15;11;3;1;2;1;2;3
79;17;8;1;1;2;1;2;2
79;12;11;1;1;2;1;2;3
80;9;13;1;1;1;3;3;4
80;50;8;9;2;2;2;3;2
80;119;9;1;1;2;3;3;3
80;34;6;9;1;1;0;3;2
80;26;10;10;2;2;3;3;3
80;27;13;10;2;2;1;3;4
80;83;1;5;1;2;0;3;1
80;62;4;1;1;3;3;3;2
80;86;8;1;1;1;3;3;3
80;91;9;6;2;2;2;3;3
80;48;2;1;1;1;3;3;2
80;44;8;11;2;2;2;3;3
80;29;4;1;1;1;3;3;4
80;33;5;11;2;2;2;0;3
80;116;13;1;1;2;3;3;4
80;89;5;8;2;2;3;3;2
80;12;12;12;1;2;2;3;3
80;96;11;1;1;2;2;2;4
80;16;9;1;1;2;3;3;2
80;19;7;5;1;2;2;3;2
80;5;8;1;2;2;2;2;2
80;25;8;1;1;1;3;3;2
80;82;6;10;1;2;2;3;2
80;28;3;1;1;1;3;3;1
80;80;6;10;2;2;2;0;2
80;57;9;1;1;1;3;3;2
80;14;1;1;1;1;3;3;1
80;47;9;7;2;2;3;0;3
80;94;11;1;1;2;2;3;1
80;65;9;1;1;2;3;3;2
81;1;7;1;1;1;3;3;2
82;48;10;9;2;3;2;2;3
83;53;1;7;2;3;1;2;1
83;56;12;5;2;3;1;2;4
83;57;10;6;2;3;1;3;3
83;191;13;2;1;3;1;2;4
83;24;13;4;2;1;2;0;3
83;96;7;6;2;3;3;3;3
83;117;4;1;2;3;1;1;2
83;0;5;12;1;4;2;0;2
83;27;13;7;2;3;1;3;4