15;11;4;3;1;3;1;1;2;2;2;1;1;2;1
15;214;3;3;2;3;1;5;2;3;3;2;1;2;1
15;215;2;2;2;3;1;2;2;3;3;2;1;2;1
15;216;4;3;1;3;1;5;2;2;2;1;1;2;1
15;228;4;3;1;3;1;5;2;7;4;2;1;2;1
15;229;2;3;1;3;1;1;2;6;6;2;1;1;1
15;235;3;3;1;3;1;1;2;7;7;2;1;2;1
15;237;5;2;1;3;1;1;2;2;2;1;1;2;1
15;107;5;3;2;3;1;1;2;2;2;2;1;2;1
15;74;4;3;2;3;1;2;2;1;6;2;2;2;1
15;3514;3;3;2;3;1;2;2;7;7;2;2;2;1
15;3515;4;2;2;3;1;5;2;2;2;2;1;1;1
15;3516;5;3;2;3;1;2;2;2;2;2;1;1;1
15;178;4;3;1;3;1;2;1;2;2;2;1;1;1
15;3546;4;2;1;3;1;5;2;1;1;2;1;2;1
15;3550;3;3;2;3;1;1;2;1;1;2;1;2;1
15;112;5;3;2;3;1;2;2;2;2;2;1;1;2
15;167;5;3;1;3;1;1;2;4;4;2;1;2;1
15;3000;5;3;1;3;1;1;2;2;2;2;1;1;2
15;2491;4;3;3;4;1;1;2;2;2;2;1;1;2
15;3744;4;3;3;4;1;1;2;2;2;2;1;1;2
15;3745;4;3;3;4;1;1;2;2;2;2;1;1;2
15;2677;3;4;1;4;1;5;2;3;3;2;1;1;1
15;3847;5;3;2;4;1;1;2;2;2;2;1;2;1
15;3875;3;3;2;4;1;1;2;7;7;1;1;1;1
15;3907;3;3;2;1;1;1;2;6;6;2;1;1;1
15;3921;3;3;2;1;1;1;2;4;4;2;1;2;1
15;3927;2;3;1;1;1;5;2;7;7;2;1;1;1
15;3923;4;3;1;1;1;1;2;2;2;1;1;1;2
15;3931;4;2;2;1;1;1;2;4;1;2;1;1;1
15;190;4;3;1;1;1;5;2;3;7;1;1;1;1
15;191;3;3;2;1;1;5;2;6;6;1;1;1;1
15;192;4;3;2;1;1;2;2;2;2;1;1;1;1
15;3965;4;3;1;1;1;1;2;2;2;2;1;2;1
15;3966;4;4;1;1;1;1;2;2;2;1;1;2;1
15;3969;5;3;1;1;1;1;2;2;2;1;1;1;2
15;3971;5;2;1;1;1;1;2;2;2;1;1;1;2
15;3973;5;4;2;1;1;2;2;2;2;1;1;1;2
15;1905;3;2;1;1;1;2;2;2;2;1;1;1;2
15;3970;1;3;1;1;1;1;2;7;7;1;1;1;1
15;3964;4;3;2;1;1;5;2;2;2;1;1;2;2
15;3952;4;2;1;1;1;2;2;7;7;2;1;2;1
15;3347;5;3;1;1;1;3;2;2;2;1;1;1;1
15;3991;5;1;2;1;1;1;2;2;2;1;1;1;2
15;15;5;3;1;1;1;1;2;2;2;2;1;1;2
15;3005;3;3;1;1;1;1;2;6;6;1;1;1;1
15;2546;3;3;1;1;1;1;2;2;2;2;1;1;1
15;2986;3;3;3;1;1;1;2;2;2;3;1;2;1
15;4015;2;1;2;1;1;1;2;2;2;2;1;1;1
15;4016;5;3;1;2;1;1;2;2;2;2;1;1;1
15;2646;4;2;1;2;1;1;2;2;2;2;1;1;1
15;3883;4;3;2;2;1;1;2;2;2;1;1;1;1
15;3999;4;3;2;2;1;1;2;2;2;1;1;1;1
15;3958;3;2;1;2;1;1;1;7;7;2;1;1;1
15;3810;5;3;1;2;1;1;2;2;2;2;1;1;2
15;3992;5;2;1;2;1;1;2;2;2;1;1;1;1
15;4019;2;3;1;2;1;1;2;7;7;2;1;1;1
15;4021;3;2;1;2;1;5;2;7;7;2;1;1;1
15;4026;3;3;2;2;1;1;2;7;7;1;1;2;1
15;4027;4;3;2;2;1;1;2;7;7;2;1;2;1
15;4028;3;3;3;1;1;1;2;7;7;2;1;2;1
15;4003;5;3;1;2;1;1;2;7;7;2;1;1;1
15;4037;5;4;1;2;1;1;2;4;4;2;1;2;1
15;4041;4;3;1;2;1;1;2;4;7;2;2;2;1
15;4050;5;2;1;2;1;1;2;2;2;2;1;2;1
15;4055;4;2;1;2;1;2;2;4;4;2;1;1;1
15;4056;5;3;1;2;1;2;1;2;2;1;1;1;2
15;4061;5;2;2;2;1;1;2;2;2;1;1;2;1
15;4004;5;3;1;2;1;1;2;2;2;1;1;1;1
15;4085;4;2;1;3;1;1;1;2;2;1;1;1;1
15;4086;3;3;1;2;1;1;2;7;7;2;1;1;1
15;4066;3;2;1;3;1;1;2;7;7;2;1;2;1
15;248;5;3;1;3;1;2;2;7;7;2;1;2;1
15;249;5;3;1;3;1;2;2;7;7;2;1;2;1
15;250;5;1;2;3;1;1;2;7;7;2;2;2;1
15;4101;5;3;2;3;1;1;2;2;2;2;0;2;1
15;2679;4;2;1;3;1;5;2;7;7;2;1;1;1
15;4054;3;3;2;3;1;1;2;2;2;2;1;2;1
15;4105;3;3;2;3;1;5;2;7;7;2;2;1;1
15;2725;2;2;1;3;1;0;1;7;7;2;2;1;1
15;2205;1;2;2;3;1;5;1;6;6;1;2;1;1
15;4065;3;3;1;3;1;1;1;7;7;2;1;1;1
15;3869;2;3;2;2;1;1;1;7;7;2;1;1;1
15;4070;4;2;2;3;1;1;2;2;2;1;1;2;1
20;12;5;3;1;3;1;1;7;1;1;3;1;1;1
20;29;4;3;2;3;1;2;7;7;7;1;1;2;2
20;226;4;3;1;3;1;5;7;7;7;1;1;1;2
20;230;4;3;1;3;1;1;7;2;2;1;1;1;2
20;3729;5;3;1;4;1;5;1;2;1;2;1;1;2
21;5;3;2;2;2;1;1;2;2;2;2;2;2;2
21;6;4;4;2;2;1;1;2;2;2;1;1;2;1
21;7;3;4;2;2;1;1;2;1;7;1;1;2;1
21;15;3;3;1;2;1;5;1;7;5;1;1;2;2
21;29;4;2;2;2;1;2;1;2;4;2;1;2;2
21;30;4;3;2;2;1;5;1;1;6;1;1;2;2
21;43;3;3;1;2;1;1;1;2;2;2;1;2;2
21;45;5;4;1;2;1;1;1;1;2;2;1;2;2
21;64;3;3;1;3;1;1;2;2;7;1;2;2;1
21;54;4;2;2;3;1;2;1;1;7;3;1;1;1
21;74;5;3;2;3;1;5;1;2;7;2;1;2;1
21;88;3;3;1;3;1;5;2;2;2;1;1;2;1
21;58;3;3;1;3;1;5;1;1;3;2;1;1;1
21;106;4;3;1;3;1;1;2;4;4;1;1;2;1
21;110;4;2;2;3;1;1;7;2;2;1;2;2;2
21;113;4;3;2;3;1;1;7;4;7;1;1;2;1
21;122;5;2;2;3;1;5;2;2;7;1;1;1;1
21;123;3;4;2;3;1;5;7;2;4;1;1;2;1
21;125;4;2;2;3;1;1;2;2;2;1;1;2;1
21;129;4;3;1;3;1;5;2;2;3;1;1;2;2
21;104;3;2;1;3;1;5;1;7;7;1;1;1;1
21;139;4;3;1;3;1;5;1;2;5;2;1;2;2
21;99;5;3;2;3;1;5;1;2;2;1;1;1;1
21;154;2;2;2;3;1;5;1;7;7;2;2;2;1
21;142;3;3;2;3;1;5;1;7;5;2;2;1;1
21;162;4;3;1;3;1;5;1;2;2;2;2;1;1
21;83;5;3;2;3;1;5;1;7;5;1;1;1;1
21;176;3;2;2;3;1;2;2;7;2;2;1;2;1
21;177;4;4;2;3;1;2;1;2;7;3;1;2;1
21;173;3;2;2;3;1;2;2;7;7;2;1;2;1
21;184;2;3;1;3;1;5;2;7;7;1;1;1;1
21;220;4;4;1;3;1;2;1;2;2;1;1;2;2
21;226;5;4;1;3;1;5;1;2;5;1;1;1;2
21;230;5;4;1;3;1;1;1;2;5;1;1;1;2
21;251;2;4;2;3;1;5;1;7;7;1;1;2;1
21;3508;4;3;2;3;1;5;2;2;2;1;1;2;1
21;3509;2;4;2;3;1;5;1;7;7;2;1;2;1
21;3646;5;4;2;4;1;5;2;2;4;1;1;2;2
21;3551;3;4;2;3;1;1;1;1;7;1;1;2;1
21;3582;3;2;2;3;1;2;1;7;7;1;1;2;1
21;3583;3;3;2;3;1;2;1;2;7;1;1;2;1
21;3584;4;4;2;3;1;2;1;7;2;1;1;1;1
21;3587;3;3;2;3;1;2;1;7;7;2;1;2;1
21;3596;5;3;1;3;1;5;1;2;5;1;1;2;2
21;3597;2;4;1;3;1;5;1;7;3;2;1;2;2
21;3607;5;3;1;3;1;5;1;2;2;1;1;2;2
21;3614;1;3;1;3;1;5;1;7;7;1;1;2;1
21;3618;3;3;1;3;1;4;1;1;6;2;1;2;1
21;77;4;4;2;4;1;4;2;2;2;1;1;1;1
21;175;3;2;3;4;1;1;3;2;2;1;2;2;1
21;141;4;3;1;4;1;5;2;2;4;2;2;2;1
21;3696;5;3;1;4;1;5;2;7;4;2;1;1;1
21;3720;4;4;1;4;1;5;2;2;2;1;1;2;1
21;3760;5;3;1;4;1;5;1;2;5;1;1;2;2
21;138;5;3;2;4;1;1;1;4;3;1;1;1;1
21;241;4;4;2;4;1;1;1;4;7;1;1;2;1
21;88;3;1;2;4;1;1;1;7;7;1;1;2;2
21;3766;4;4;2;4;1;1;1;2;2;1;1;2;1
21;3773;5;3;1;4;1;5;1;2;2;1;1;2;2
21;3782;4;4;2;4;1;5;2;1;2;1;2;2;1
21;3788;5;3;1;4;1;5;2;2;7;2;2;2;1
21;3588;4;3;2;4;1;1;1;3;7;1;1;2;2
21;3792;3;4;2;4;1;1;1;7;3;1;1;2;2
21;2281;4;4;1;4;1;1;2;7;6;1;1;1;2
21;3801;4;3;1;4;1;1;1;2;7;1;1;2;1
21;3802;5;4;2;4;1;5;1;7;4;1;1;1;2
21;2234;3;3;1;4;1;5;1;7;5;1;2;2;2
21;209;4;3;2;4;1;5;1;2;2;3;1;2;2
21;3827;4;4;2;4;1;5;2;2;1;1;1;2;1
21;219;3;3;2;4;1;5;2;7;2;1;1;1;2
21;223;5;2;1;4;1;5;1;2;2;1;1;1;2
21;3834;5;2;2;4;1;1;1;1;1;1;1;1;1
21;3825;5;3;2;4;2;1;2;2;2;1;1;2;1
21;3600;3;2;2;4;1;1;1;7;3;2;1;1;1
21;3844;4;2;2;1;1;1;3;2;2;1;1;2;1
21;2994;4;1;2;1;1;1;2;2;3;2;1;2;2
21;3787;4;3;3;1;1;1;2;2;2;1;1;2;1
21;3874;4;2;2;1;1;1;1;2;1;2;1;1;1
21;3994;4;4;1;1;1;1;2;2;2;1;1;2;2
21;4007;4;3;2;2;2;5;2;2;2;1;1;1;1
21;4009;4;4;2;2;1;1;1;7;5;1;1;2;2
21;3961;4;3;1;2;1;1;1;7;3;1;1;2;1
21;4017;4;4;2;2;1;1;2;7;3;1;1;2;1
21;4032;4;4;1;2;1;5;2;7;7;1;1;1;1
21;4038;3;3;1;2;1;1;2;7;4;1;1;2;1
21;4045;5;3;3;2;1;1;1;5;7;1;1;1;2
21;4042;2;4;1;2;1;1;2;7;7;1;1;2;1
21;73;4;3;2;2;1;1;2;2;2;1;1;1;1
21;4048;4;4;2;2;1;1;2;2;2;1;1;1;1
21;108;3;3;2;2;1;1;1;2;4;1;1;2;1
21;3936;4;1;2;2;1;1;1;2;5;2;1;1;1
21;3937;4;2;2;2;1;1;1;2;5;1;1;1;1
21;3949;5;3;2;2;1;5;1;2;5;1;1;1;1
21;84;3;4;2;2;3;1;2;7;1;1;1;2;1
21;4064;2;4;1;2;1;5;2;7;2;1;1;2;1
21;4069;4;4;2;3;1;1;1;7;5;2;1;2;2
21;4075;4;4;1;3;1;5;1;7;4;2;2;2;1
21;4078;2;3;2;3;1;1;2;7;7;1;1;2;1
21;1983;5;4;1;3;1;1;1;2;2;1;1;2;2
21;4081;3;2;2;3;1;1;1;7;4;2;1;1;1
21;4003;4;3;2;3;1;1;1;2;4;2;1;1;1
21;2651;5;4;1;3;1;5;1;2;5;1;1;2;2
21;4098;3;4;3;3;2;5;2;2;7;2;1;1;1
21;220;4;4;1;3;1;5;1;2;2;1;1;2;2
21;4114;4;4;1;3;1;5;2;4;3;1;1;2;1
21;25;4;1;1;3;1;1;1;1;1;1;1;1;0
22;13;4;3;2;3;2;2;3;2;3;1;1;1;1
23;14;5;3;2;2;1;1;1;2;2;2;1;1;1
23;18;4;2;2;2;1;2;1;2;7;2;1;1;1
23;31;4;2;2;2;1;2;1;4;2;2;1;1;1
23;32;3;3;2;2;1;1;1;5;7;2;1;1;1
23;3592;4;3;2;3;2;2;3;7;7;1;1;2;1
23;3675;4;3;2;4;2;5;6;2;2;1;1;1;1
23;3783;5;3;2;4;1;5;1;2;2;2;1;1;2
24;114;3;3;2;3;1;1;1;7;7;2;1;1;2
24;129;4;3;1;3;1;2;1;7;7;2;1;1;2
24;52;5;2;2;3;1;2;1;7;7;2;1;1;2
24;3656;4;4;2;4;1;1;1;7;7;2;1;1;1
24;3657;3;3;1;4;1;5;1;1;1;3;1;1;1
24;3659;4;4;1;4;1;5;1;2;2;2;1;1;2
24;3704;4;4;3;4;1;4;1;1;2;1;1;1;1
24;165;4;4;1;4;1;5;1;2;2;1;1;1;1
24;3712;4;4;1;4;1;5;1;4;2;2;1;1;1
24;3733;3;3;2;4;1;5;1;4;4;1;1;1;1
24;3734;5;4;2;4;1;5;1;2;2;1;1;1;1
24;3764;5;3;2;4;1;1;1;2;7;1;1;1;1
24;3789;4;3;2;4;1;1;1;4;2;1;1;1;2
24;3803;4;2;2;4;1;5;1;2;7;2;1;1;1
24;3509;3;2;2;4;1;5;1;7;7;2;1;1;1
24;3876;4;2;2;1;1;1;1;2;2;2;2;1;0
24;3877;4;4;2;1;1;1;1;7;7;2;2;1;1
24;4030;5;4;2;2;1;1;0;2;1;1;1;1;2
24;4031;4;3;2;2;1;1;1;2;2;1;1;1;2
24;4039;4;3;1;2;1;1;1;2;1;1;1;1;2
25;9;4;4;1;2;1;2;1;1;1;1;1;2;1
25;48;2;2;2;2;1;5;2;7;5;2;1;1;1
25;59;2;4;1;2;1;1;1;2;2;3;1;1;1
25;60;3;4;1;2;1;1;2;1;4;3;1;1;1
25;121;2;2;2;3;1;1;1;6;3;2;1;1;1
25;126;4;3;1;3;1;5;1;1;1;1;1;2;1
25;102;3;3;1;3;1;1;2;1;1;1;1;1;1
25;68;3;1;3;3;1;1;1;2;2;2;2;1;1
25;140;3;1;2;3;1;1;1;2;2;1;2;2;1
25;145;4;3;2;3;1;1;2;2;2;1;2;1;1
25;147;4;2;2;3;1;1;1;2;2;1;2;1;1
25;155;3;2;2;3;1;1;2;2;4;1;2;1;1
25;148;4;3;2;3;1;1;2;4;4;1;2;1;1
25;204;4;3;1;3;1;5;2;1;5;3;1;2;1
25;253;3;2;3;3;1;1;2;4;6;1;1;1;1
25;254;1;3;3;3;1;1;1;7;7;1;1;1;1
25;255;4;3;3;3;1;1;2;2;2;1;1;1;1
25;3510;4;4;1;3;1;1;1;2;2;1;1;1;1
25;3520;4;3;2;3;1;1;2;1;4;1;1;2;2
25;3521;2;1;2;3;1;1;1;3;3;1;1;1;1
25;3637;2;3;1;3;1;4;2;6;6;1;1;1;1
25;3638;2;3;1;3;1;2;2;2;2;1;1;1;1
25;3639;4;3;1;3;1;1;2;2;2;1;1;1;1
25;3579;3;4;1;3;1;1;1;4;4;1;1;1;1
25;3521;2;3;2;3;1;1;2;5;4;1;1;1;1
25;3640;3;2;1;3;1;2;1;2;2;1;1;1;1
25;3641;3;4;1;3;1;2;1;2;2;1;1;1;1
25;3642;4;1;2;3;1;5;1;4;3;1;1;1;1
25;3643;3;2;2;3;1;4;2;5;5;1;1;1;1
25;3644;2;3;2;3;1;5;2;5;5;1;1;1;1
25;3676;3;4;3;4;1;2;1;2;4;1;1;1;1
25;3677;1;2;3;4;1;2;2;7;7;1;1;1;1
25;3678;3;3;1;4;1;4;2;2;2;1;1;1;1
25;3679;4;1;2;4;1;4;1;1;1;1;1;1;2
25;141;5;1;2;4;1;4;1;2;2;1;1;1;1
25;98;3;2;3;4;1;2;2;2;1;1;1;1;1
25;180;3;2;3;4;1;5;1;2;3;1;1;1;1
25;3613;4;1;3;4;1;5;1;2;2;1;1;1;1
25;17;3;2;3;4;1;5;1;2;2;1;1;1;1
25;53;4;2;3;4;1;5;1;4;2;1;1;1;1
25;3751;3;3;1;4;1;4;1;2;2;1;1;1;1
25;3774;5;4;1;4;1;5;2;3;4;1;1;1;1
25;3775;5;3;1;4;1;1;1;2;2;1;1;1;2
25;3777;2;2;1;4;1;1;1;2;2;1;2;1;0
25;3628;3;2;1;4;1;1;2;3;4;2;2;1;1
25;173;4;1;2;4;1;5;1;1;2;2;2;1;1
25;3727;5;1;2;4;1;5;1;1;1;3;1;1;1
25;3808;3;1;2;4;1;5;1;2;1;1;1;1;1
25;3710;3;1;2;4;1;1;1;1;1;2;2;1;1
25;3850;5;1;2;4;1;1;1;3;1;1;2;1;1
25;3851;5;1;2;4;1;1;1;2;2;3;2;1;1
25;3852;4;1;2;4;1;1;1;2;2;3;2;1;1
25;3853;3;2;2;4;1;1;1;2;2;1;2;1;2
25;3854;3;2;2;4;1;3;2;2;4;1;1;1;1
25;3787;4;2;2;4;1;5;2;2;1;2;1;1;1
25;3807;3;1;2;4;1;5;1;1;1;3;1;1;1
25;3844;5;1;2;4;1;1;1;1;1;3;1;1;1
25;3716;4;2;2;4;1;1;1;1;3;3;1;1;1
25;3724;5;3;1;4;1;1;2;1;2;1;1;1;1
25;3909;4;1;1;4;1;1;1;1;2;1;1;1;1
25;3630;1;2;2;4;1;1;2;2;2;1;1;1;1
25;3768;5;3;2;4;1;1;2;4;2;1;1;1;1
25;3910;3;2;1;4;1;1;1;1;3;1;1;1;1
25;2717;4;1;2;1;1;2;1;2;4;1;1;1;2
25;3748;2;2;2;1;1;1;1;1;5;1;1;1;1
25;3849;4;2;2;1;1;1;1;2;2;1;1;1;1
25;3959;3;2;1;1;1;1;1;2;2;1;1;1;1
25;3960;2;1;2;1;1;1;1;2;4;1;1;1;1
26;17;5;4;1;3;1;1;2;2;2;2;1;1;1
26;34;3;4;2;3;1;2;2;7;7;2;1;1;2
26;95;4;4;1;3;1;2;2;1;7;2;1;1;1
26;128;5;4;2;3;1;5;2;1;7;2;1;1;1
26;146;3;3;2;3;1;5;2;2;7;2;1;1;1
26;141;5;3;1;3;1;5;2;2;7;1;1;1;1
26;164;5;4;1;4;1;4;1;2;2;1;1;1;1
26;63;5;3;1;3;1;2;2;7;2;2;1;1;1
26;65;4;3;2;3;1;5;2;2;2;2;1;1;1
26;53;4;3;2;2;1;1;2;2;2;2;1;2;1
26;77;4;4;1;2;1;2;2;2;2;2;1;1;1
26;165;5;4;2;3;1;5;1;7;4;1;1;1;1
26;26;4;3;2;3;1;5;2;7;7;2;1;1;1
26;3632;5;4;2;4;1;5;1;2;2;2;1;1;1
26;3633;5;3;2;4;1;5;2;2;2;1;1;1;1
26;3634;4;3;1;4;1;5;2;7;7;2;1;1;1
26;245;4;2;2;4;1;5;1;3;4;1;1;1;2
26;3652;3;3;2;4;1;2;1;7;7;2;1;1;1
26;3661;5;2;2;4;1;4;1;3;1;1;1;1;2
26;3188;5;2;2;2;3;1;2;7;2;1;1;1;1
26;3030;4;2;3;2;3;1;2;7;7;1;1;1;1
26;3518;4;4;1;3;1;5;1;7;7;2;1;1;1
26;3506;3;3;1;4;1;5;2;7;7;1;1;1;1
26;115;5;3;1;2;1;1;2;7;4;2;1;1;1
26;212;3;4;3;2;1;1;1;7;7;1;1;1;1
26;39;3;2;2;3;1;2;1;7;7;1;1;1;1
26;3662;4;3;2;3;3;5;3;2;2;1;1;1;1
26;3663;2;3;1;3;1;2;2;6;6;2;1;1;1
26;55;3;3;2;3;1;1;2;2;2;2;1;1;1
26;3664;4;3;1;3;1;2;2;2;7;2;1;2;1
26;3665;2;3;1;3;3;5;2;7;7;1;1;1;1
26;3666;4;3;2;3;1;2;2;7;7;1;1;1;1
26;3667;1;3;2;2;1;1;2;7;7;1;1;1;1
26;3668;3;3;3;1;1;1;2;2;7;2;1;1;1
26;3669;1;3;1;2;1;1;2;7;7;2;1;1;1
26;135;5;4;2;4;1;4;2;2;2;1;1;1;2
26;3579;4;4;1;0;1;1;1;7;7;2;1;1;1
26;3888;5;4;2;1;1;1;2;7;4;2;1;1;1
26;3599;3;3;1;1;1;1;2;7;7;2;1;1;1
26;3889;3;4;2;1;1;1;2;7;7;2;1;1;1
26;3900;3;4;2;1;1;1;2;7;7;1;1;1;1
26;3901;4;3;1;1;1;2;2;1;7;2;1;1;1
26;3915;3;0;1;1;1;5;2;7;7;2;1;1;1
26;3748;4;3;2;1;1;5;2;4;7;2;1;1;1
26;3928;2;0;2;1;1;1;1;6;7;2;1;1;2
26;3930;5;3;1;1;1;1;2;7;7;2;1;1;1
26;3950;4;3;1;1;1;1;2;7;7;2;1;1;1
26;3951;2;3;2;1;1;1;1;7;7;1;1;1;1
26;3713;4;3;2;1;1;1;2;7;7;2;1;1;1
26;3874;5;4;2;1;1;1;2;4;7;2;1;1;1
26;2903;5;3;1;1;1;1;2;2;7;1;1;1;1
26;159;4;3;1;1;1;1;1;7;7;2;1;1;1
26;3545;5;3;2;1;1;2;2;2;7;1;1;2;1
26;3963;3;4;2;1;1;2;1;7;7;2;1;1;2
26;3967;5;2;2;1;1;2;2;2;2;1;1;1;2
26;3970;1;3;1;1;1;1;2;7;7;2;1;2;1
26;8;5;4;2;1;1;1;2;7;7;2;1;2;2
26;3975;5;3;2;1;1;1;2;7;7;2;1;1;1
26;4001;2;2;2;2;1;1;2;7;7;2;1;2;1
26;3980;5;3;1;2;1;1;2;7;7;2;1;2;1
26;3909;3;3;1;2;1;1;1;7;7;2;1;1;1
26;3992;3;3;2;2;1;1;2;7;7;2;1;1;1
26;4065;3;3;1;2;1;2;2;7;7;2;1;2;2
26;3797;4;3;1;2;1;1;2;7;7;2;1;0;2
26;3443;4;3;1;3;1;1;2;7;7;2;1;2;1
26;3832;5;3;1;3;1;1;2;7;7;1;1;2;2
26;4082;1;3;1;3;1;5;2;7;7;1;1;2;1
26;3964;1;4;2;3;1;5;2;7;6;1;1;2;1
26;4032;3;3;2;3;1;5;2;7;7;2;1;1;1
26;3032;5;4;1;3;1;2;2;7;2;1;1;2;2
26;4081;5;3;1;3;1;5;2;7;7;2;1;2;1
26;4098;5;3;2;3;1;5;2;2;7;2;1;1;1
26;3922;5;3;1;3;1;5;2;1;7;1;1;2;2
26;2677;5;2;2;3;1;2;1;7;7;2;1;1;2
26;2725;5;3;2;3;1;2;1;4;4;2;1;1;2
26;4087;4;3;1;3;1;1;2;7;7;1;1;1;1
26;2460;4;2;2;3;1;5;1;7;7;2;2;0;2
26;4125;4;3;2;3;1;5;2;7;7;2;1;2;1
26;4127;1;3;1;3;1;5;2;7;7;3;2;2;1
26;4033;4;3;1;3;1;5;2;7;7;3;2;0;1
26;4128;4;4;1;3;1;5;2;7;3;3;2;1;1
26;4138;4;3;2;3;1;5;2;7;7;2;1;0;1
27;19;2;2;1;2;1;1;2;7;7;2;1;2;1
27;26;5;4;3;2;1;2;7;2;4;1;2;1;1
27;33;3;2;2;2;1;2;2;7;7;2;1;2;1
27;40;4;3;2;2;1;2;2;2;2;1;1;1;1
27;41;4;1;3;2;3;1;1;2;4;1;1;1;1
27;69;3;4;2;3;1;5;2;1;7;2;1;1;1
27;111;4;4;2;3;2;5;6;2;2;1;1;1;1
27;143;4;4;2;3;1;1;2;7;2;2;1;1;1
27;170;2;4;1;3;1;5;2;7;7;2;1;1;1
27;178;3;2;2;3;1;5;1;1;2;2;1;1;1
27;186;5;4;1;3;1;2;1;2;2;1;1;1;1
27;210;3;0;2;3;3;5;2;7;4;2;2;1;1
27;224;3;3;1;3;3;5;2;1;7;2;1;1;1
27;238;2;4;2;3;1;2;2;7;7;2;1;1;1
27;3524;3;2;1;3;2;5;6;7;1;2;1;1;1
27;3613;4;3;2;3;1;4;2;2;2;1;1;1;1
27;3645;3;4;2;3;1;5;2;7;7;1;1;1;1
27;2611;3;2;1;4;1;2;1;7;7;2;1;1;2
27;3768;5;3;2;4;1;1;2;2;2;1;1;1;1
27;3780;2;2;2;4;1;5;2;7;7;2;1;1;1
27;3576;3;3;2;4;1;1;1;7;7;1;1;1;1
27;3751;2;4;2;4;1;1;2;7;7;2;1;1;1
27;3886;5;4;1;1;1;1;2;2;2;1;1;1;1
27;3896;3;3;2;1;1;5;2;7;7;2;1;1;1
27;3905;5;3;1;1;2;1;3;2;2;1;1;2;1
27;3906;4;4;1;1;2;1;2;2;2;1;1;1;1
27;3918;4;3;1;1;1;1;2;7;2;1;1;1;2
27;3925;4;4;2;1;3;1;2;7;7;2;2;2;1
28;19;2;2;1;2;3;1;2;7;7;2;1;2;1
28;33;2;2;2;2;3;2;2;7;7;2;1;1;1
28;35;4;3;2;2;1;1;2;7;2;2;1;2;1
28;69;3;3;2;3;3;5;2;7;7;2;1;1;1
28;111;3;3;1;3;2;5;2;7;2;2;1;1;1
28;143;3;3;2;3;3;5;2;2;2;1;1;1;1
28;170;2;3;1;3;3;5;2;2;2;1;1;1;1
28;224;3;3;1;3;1;1;2;7;7;1;1;1;1
28;238;1;3;2;3;3;5;2;7;7;2;1;1;1
28;3524;3;3;1;2;2;1;2;7;4;1;1;1;1
28;3558;4;2;1;2;2;2;5;7;7;1;1;1;1
28;3561;5;3;1;3;2;5;5;2;2;1;1;1;1
28;3566;4;3;1;3;2;5;5;6;5;1;1;1;1
28;3615;4;3;2;3;1;5;1;2;2;2;1;1;1
28;3613;4;3;2;3;3;4;2;2;2;1;1;1;2
28;3616;2;3;1;3;1;5;1;2;2;2;1;1;1
28;3768;5;3;2;4;3;5;2;2;2;2;1;2;1
28;3778;3;3;1;4;1;1;1;2;2;1;1;1;1
28;3780;1;3;2;4;3;5;2;7;2;2;1;1;1
28;3822;5;3;1;4;2;5;3;2;2;1;1;1;1
28;3838;4;3;2;4;1;1;1;2;2;3;1;1;2
28;3611;1;3;2;4;1;5;2;2;2;1;1;2;1
28;3896;2;3;2;1;3;5;2;7;7;1;1;1;1
28;3886;4;3;1;1;3;1;2;2;2;1;1;2;1
28;3905;5;3;1;1;2;1;2;2;2;1;0;2;1
28;3906;5;3;1;1;2;1;2;2;2;1;1;1;1
28;3832;4;3;1;1;1;2;1;2;2;1;1;1;1
28;3924;3;3;1;1;2;2;3;2;2;1;1;2;1
28;3925;4;3;1;1;2;2;3;2;3;1;1;2;1
28;3939;2;3;3;1;3;5;2;7;7;1;1;1;1
28;156;4;3;3;1;1;2;1;2;2;2;1;1;1
28;157;1;3;2;1;1;5;1;2;2;3;1;1;1
29;20;3;4;1;3;1;5;1;7;7;1;1;1;1
30;21;4;4;1;3;3;1;3;4;1;3;1;1;1
30;22;1;4;1;2;2;2;3;7;7;1;1;1;1
31;3;3;2;1;2;1;2;1;7;7;3;2;1;1
31;9;4;4;2;2;1;2;1;1;2;1;1;2;1
31;27;4;2;2;2;1;1;1;2;2;1;1;2;2
31;28;3;2;2;2;1;2;1;2;2;1;1;2;2
31;44;5;3;2;2;1;1;1;2;2;1;1;2;1
31;46;3;2;2;2;1;1;1;2;2;1;1;2;2
31;76;5;2;2;3;1;2;1;2;2;1;1;1;1
31;77;4;2;2;3;1;2;1;2;2;1;1;1;1
31;110;4;2;2;3;3;1;7;2;2;1;1;2;2
31;113;3;3;2;3;3;1;7;6;3;1;1;2;1
31;123;4;4;2;3;3;5;7;2;2;1;1;2;1
31;174;4;2;2;3;1;2;1;2;2;1;1;1;1
31;175;5;2;2;3;1;2;1;2;2;1;1;1;1
31;183;3;1;2;3;1;5;1;4;7;2;1;2;2
31;185;4;2;1;3;2;5;4;2;1;1;1;2;1
31;211;4;4;2;3;1;5;1;2;2;1;1;1;1
31;252;3;2;2;3;1;1;1;2;2;1;1;1;1
31;3513;2;2;2;3;1;1;1;2;2;1;1;2;1
31;2465;3;2;2;3;1;1;1;2;2;1;1;2;1
31;3518;4;3;2;3;1;5;1;2;2;1;1;1;1
31;164;5;2;2;3;1;1;1;2;2;1;1;1;1
31;3188;5;2;2;3;1;1;1;2;1;1;1;1;1
31;3557;2;3;1;3;2;1;4;6;6;2;1;2;1
31;3588;4;4;2;3;1;5;1;3;6;3;1;1;1
31;3589;3;2;2;3;1;2;1;2;2;1;1;1;2
31;3590;4;2;2;3;1;2;1;2;1;1;1;1;2
31;34;5;2;2;3;1;1;1;2;2;1;1;1;2
31;156;5;3;1;4;1;2;1;2;2;1;1;1;2
31;157;5;4;1;4;1;2;1;7;2;1;1;1;2
31;3684;4;1;2;4;1;4;1;2;2;1;1;2;1
31;3635;5;2;3;4;1;5;1;2;2;1;1;1;1
31;3791;4;2;2;4;1;1;1;2;2;1;1;1;1
31;3545;4;3;2;4;1;5;1;2;4;1;1;1;1
31;3834;5;4;1;4;2;4;6;1;1;1;1;1;1
31;3839;3;3;2;4;2;4;6;1;1;1;1;1;1
31;3840;4;2;2;4;1;5;1;2;2;1;2;1;1
31;3787;5;3;2;4;1;1;1;2;2;1;1;1;1
31;3895;4;2;2;1;1;5;1;2;2;1;1;1;1
31;3903;4;2;1;1;2;2;6;2;2;1;1;2;1
31;3908;3;4;2;1;1;1;1;2;2;1;1;1;1
31;3917;4;2;1;1;1;1;1;2;2;1;1;1;1
31;3882;5;3;2;1;1;1;1;2;4;1;1;1;1
31;3693;3;3;2;1;1;1;0;7;7;1;1;1;1
31;3936;5;3;3;1;1;2;2;2;4;2;1;1;2
31;3937;4;2;3;1;1;1;2;2;4;1;1;1;1
31;3948;3;3;1;1;2;1;3;6;5;3;1;2;1
31;3949;5;1;2;1;1;1;1;2;2;1;1;1;1
31;3703;4;2;2;1;1;2;1;2;2;1;2;1;1
31;3642;5;3;2;1;1;2;1;2;5;1;1;1;1
31;3643;5;4;2;1;1;3;1;2;6;1;1;1;1
31;3644;5;2;2;1;1;2;1;2;5;1;1;1;1
31;2248;4;2;2;1;1;1;1;2;2;1;1;1;2
31;3993;3;1;2;1;1;1;1;7;7;1;1;2;2
31;3926;5;3;2;1;1;1;1;2;2;1;2;1;1
31;3722;4;2;2;1;1;5;1;2;4;1;1;1;1
31;3728;4;2;1;2;1;1;1;2;7;1;1;1;1
31;3116;4;2;3;2;1;1;1;1;7;1;2;1;2
31;3550;5;2;3;2;1;1;1;1;4;1;1;1;2
31;4005;3;2;1;2;1;2;1;2;2;1;1;1;1
31;4013;1;2;2;2;1;1;1;6;6;2;1;1;2
31;4046;4;3;2;2;1;1;1;2;2;1;1;1;2
31;4047;3;4;2;2;1;1;1;7;6;1;1;1;2
31;230;5;3;2;2;1;1;1;2;2;1;1;1;2
31;3646;5;3;2;1;1;1;1;2;2;1;1;1;2
31;4051;4;2;2;2;1;1;1;4;1;1;1;1;1
31;2835;3;3;2;2;1;3;1;7;7;1;1;1;2
31;2540;4;4;2;2;1;3;1;2;2;1;1;1;2
31;4057;3;3;2;2;1;2;1;2;2;1;1;1;1
31;3725;4;4;2;2;1;1;1;2;2;1;1;1;1
31;4059;4;1;2;2;1;1;1;7;6;1;1;1;2
31;3625;5;3;1;2;1;1;1;2;2;1;1;1;2
31;4063;4;3;2;2;1;1;1;2;2;1;1;1;1
31;40;4;3;2;2;1;1;1;2;2;1;1;1;2
31;4068;5;3;2;3;1;1;1;4;4;1;1;1;1
31;4073;4;3;2;3;1;1;1;2;4;1;1;1;1
31;4080;1;3;2;3;1;1;1;7;7;2;1;1;1
31;4083;4;3;2;3;1;1;1;2;2;1;2;1;1
31;2619;3;3;1;3;1;1;1;2;7;1;1;1;2
31;4088;4;3;2;3;1;2;1;2;2;1;1;1;1
31;4089;3;4;2;3;1;2;1;7;7;1;1;1;2
31;4095;5;3;2;3;1;2;1;2;2;1;1;1;1
31;4096;1;4;2;3;1;2;1;7;7;1;1;1;1
31;4102;3;2;2;3;1;5;1;7;7;1;1;1;1
31;3737;4;4;2;3;1;5;1;1;5;1;1;1;2
31;193;3;2;2;3;1;1;1;7;2;1;1;1;1
31;4106;5;4;1;3;2;5;6;1;1;1;1;2;1
31;4135;4;3;1;3;1;5;1;2;7;1;1;1;1
33;5;3;2;2;2;1;1;2;7;7;1;1;2;2
33;6;4;3;2;2;1;1;2;2;2;1;1;2;1
33;37;5;3;1;2;2;2;6;2;2;2;1;2;1
33;64;3;3;1;3;1;1;2;7;2;2;2;2;1
33;70;4;3;2;3;1;2;1;1;1;2;2;2;1
33;71;2;4;2;3;1;2;1;7;7;2;2;2;1
33;72;4;1;2;3;1;2;1;7;7;2;2;2;2
33;73;3;3;2;3;1;2;1;7;7;2;2;2;1
33;106;5;3;1;3;1;1;2;4;4;3;1;2;1
33;113;3;3;2;3;1;1;3;4;4;2;1;2;1
33;122;4;2;2;3;1;1;2;2;2;2;1;1;1
33;125;2;2;2;3;1;1;2;7;7;1;1;2;1
33;173;4;2;2;3;1;2;2;2;2;2;1;1;1
33;184;1;3;1;3;1;5;2;7;7;1;1;1;1
33;176;5;3;2;3;1;2;2;2;4;1;1;2;1
33;3646;5;3;2;4;1;1;2;4;4;2;2;2;1
33;3508;4;3;2;3;1;5;2;7;2;1;1;1;1
33;3567;5;2;1;3;1;2;1;2;4;1;1;2;1
33;3591;2;3;1;3;1;5;1;7;7;1;1;2;1
33;3654;2;3;1;3;1;5;1;7;7;1;1;2;1
33;3660;4;2;2;3;1;4;1;7;7;1;1;1;1
33;3680;1;4;2;4;1;2;1;7;7;2;1;2;1
33;175;3;3;2;4;1;5;3;7;7;1;1;1;1
33;3720;2;3;1;4;1;5;2;7;7;2;1;2;1
33;3762;4;3;1;4;1;2;1;2;4;1;1;2;1
33;3782;3;0;2;4;1;5;2;1;7;1;1;2;1
33;3793;3;2;2;4;1;1;1;7;1;2;2;2;1
33;3794;5;3;2;4;1;1;1;1;7;2;2;1;1
33;3788;2;2;2;4;1;1;2;5;1;2;2;1;1
33;3795;2;2;2;4;1;1;1;7;7;2;2;2;1
33;3816;5;4;2;4;1;2;1;2;4;2;1;2;1
33;3826;5;4;2;4;1;1;1;7;7;1;1;2;2
33;3827;5;3;0;4;1;5;2;1;1;2;1;2;1
33;3825;5;3;2;4;2;5;2;2;1;1;1;1;1
33;3893;4;3;1;1;1;1;1;7;6;2;1;2;1
33;2994;5;1;2;1;1;1;2;2;2;2;1;2;1
33;3944;4;2;2;1;1;1;1;1;1;2;2;2;1
33;3945;1;2;2;1;1;1;1;5;7;2;2;2;1
33;3995;4;3;2;1;1;2;1;7;1;2;1;2;1
33;4007;4;3;2;2;2;2;2;2;2;1;1;1;1
33;4042;2;3;1;2;1;1;2;7;7;2;1;2;1
33;4038;3;3;1;2;1;1;2;1;4;1;1;1;1
33;4043;4;3;3;2;3;1;2;7;2;1;1;1;1
33;4032;4;3;1;2;1;1;2;7;4;1;1;1;1
33;4044;3;2;1;2;1;1;1;7;7;2;1;2;1
33;4052;4;3;1;2;1;1;1;2;4;1;1;2;1
33;4064;2;4;1;3;1;1;2;7;7;2;2;1;1
33;84;4;3;2;2;1;1;2;5;1;1;1;1;1
33;4067;2;4;2;3;1;1;1;7;7;2;2;2;1
33;4079;1;3;1;3;1;1;1;7;7;1;1;1;1
33;4078;3;3;2;3;1;1;2;2;2;1;1;1;1
33;4098;2;3;3;3;0;1;2;7;2;1;1;1;1
33;94;5;4;3;3;3;1;2;2;1;2;1;1;1
33;4099;3;3;3;3;2;1;6;7;7;1;1;2;1
34;4;4;3;1;2;1;3;5;4;7;1;2;2;1
35;23;1;3;1;3;1;1;1;6;6;2;2;1;1
35;24;3;4;1;3;1;1;1;2;4;1;2;1;1
35;25;4;3;2;2;1;1;5;2;2;1;1;2;2
35;30;4;3;2;3;1;2;1;1;3;2;1;2;2
35;36;3;4;2;3;1;2;1;4;3;2;1;2;2
35;65;3;3;1;3;1;1;1;2;7;1;1;1;1
35;80;3;3;2;3;1;5;1;2;4;3;1;2;1
35;114;2;3;2;3;1;1;1;7;7;3;1;2;1
35;116;3;4;2;3;1;1;1;2;7;3;1;2;2
35;120;5;3;2;3;1;1;1;2;2;2;1;1;2
35;149;5;3;2;3;1;1;1;2;2;1;1;1;2
35;160;2;3;1;3;1;1;1;5;5;2;1;2;2
35;101;2;2;1;3;1;5;1;5;6;1;1;1;1
35;42;3;4;1;3;1;5;1;7;2;3;1;1;1
35;61;2;2;2;3;1;1;1;7;6;1;1;1;1
35;221;3;4;1;3;1;2;1;4;3;1;1;2;2
35;225;4;3;1;3;1;5;1;2;2;1;1;2;2
35;227;2;4;1;3;1;5;1;7;6;2;1;2;2
35;232;2;4;1;3;1;1;1;5;6;2;1;2;2
35;239;3;4;3;3;2;2;6;7;7;1;1;2;1
35;240;4;4;3;3;2;2;6;4;7;1;1;2;1
35;242;4;3;3;3;1;5;1;7;7;2;1;2;2
35;243;2;4;3;3;1;5;1;6;5;2;1;1;1
35;3517;2;3;2;3;1;5;1;7;6;2;1;1;1
35;3522;4;3;1;3;1;2;1;2;2;2;1;2;2
35;3562;4;3;1;3;1;2;1;2;4;3;1;2;1
35;3586;5;2;2;3;1;2;1;2;4;1;1;1;1
35;3608;4;4;1;3;1;5;1;2;2;1;1;2;2
35;3611;4;4;1;4;1;5;1;2;2;2;1;1;1
35;3620;4;3;2;4;1;5;1;2;2;3;1;2;2
35;3595;3;4;2;4;1;5;1;7;7;3;1;1;1
35;3626;3;3;2;4;1;5;1;7;7;2;1;1;1
35;3630;4;3;1;4;1;2;1;2;4;1;1;1;1
35;3523;3;2;1;4;1;1;1;7;7;1;1;1;1
35;3655;3;3;2;4;1;5;1;7;7;2;1;1;2
35;3670;4;3;1;4;1;5;1;2;4;2;1;1;1
35;3681;3;2;3;4;1;5;1;2;7;1;1;2;2
35;3682;4;4;3;4;1;5;1;2;2;1;1;2;2
35;3688;4;3;1;4;1;1;1;2;2;1;1;2;2
35;3705;2;3;1;4;1;1;1;5;7;3;2;2;2
35;3715;1;3;1;4;1;5;1;5;6;1;1;1;1
35;3719;3;3;1;4;1;5;1;7;7;2;1;2;1
35;215;4;4;1;4;1;5;1;2;3;2;1;1;1
35;3732;4;3;2;4;1;5;7;1;2;2;1;2;2
35;3735;4;4;2;4;1;5;1;2;2;2;1;1;1
35;3625;4;3;1;4;1;5;1;2;2;1;1;2;2
35;3743;3;3;1;4;1;5;1;2;2;1;1;1;1
35;3752;3;3;2;4;1;1;1;2;7;1;1;2;1
35;248;5;4;2;4;1;1;7;2;2;1;1;2;2
35;2755;4;3;1;4;0;2;1;2;2;1;1;2;2
35;3761;4;3;1;4;1;5;1;2;2;1;1;2;2
35;241;4;3;2;4;0;1;1;2;4;1;1;2;2
35;3771;5;3;1;4;1;5;1;2;2;1;1;2;2
35;3750;5;3;3;4;1;1;1;2;3;1;1;1;1
35;3798;2;4;2;4;1;1;3;6;2;1;1;2;1
35;3799;4;2;1;4;1;1;1;2;2;2;1;1;1
35;3800;3;3;1;4;1;1;1;7;7;2;1;2;2
35;3804;4;3;2;4;1;2;1;7;7;2;1;2;2
35;3807;4;2;2;4;1;5;1;7;6;2;1;1;1
35;3858;4;2;1;4;1;2;1;4;3;1;1;1;1
35;3725;3;3;2;4;1;1;1;2;2;2;1;1;1
35;3878;4;3;1;1;1;1;1;2;2;2;1;1;1
35;3887;4;3;1;1;1;1;1;2;2;1;1;1;1
35;3898;5;4;2;1;1;5;7;2;2;1;1;2;2
35;124;4;3;1;1;1;2;1;2;2;2;1;1;2
35;3926;3;3;2;1;1;1;1;2;2;2;1;1;1
35;3933;4;3;3;1;1;2;1;3;3;3;1;1;1
35;3938;5;3;3;1;1;5;1;2;2;3;1;2;1
35;3942;3;3;1;1;1;1;1;7;2;2;1;2;2
35;3806;4;3;2;1;1;5;1;2;2;1;1;2;2
35;3962;4;3;2;1;1;2;1;2;2;2;1;1;1
35;182;4;3;1;1;1;1;1;2;2;2;1;2;2
35;3968;5;3;1;1;1;1;1;2;2;2;1;2;2
35;3032;5;3;1;1;1;5;1;2;2;1;1;2;2
35;3983;3;4;1;1;1;2;1;2;7;1;1;1;1
35;3990;4;3;1;1;1;5;1;2;2;2;1;1;1
35;3996;4;3;1;1;1;1;1;2;2;2;1;1;1
35;1983;5;3;1;2;1;1;1;2;2;2;1;2;2
35;4020;5;4;2;2;1;2;1;2;2;1;1;2;2
35;4025;5;3;1;2;1;1;1;2;2;1;1;2;1
35;3972;4;2;3;2;1;1;1;2;2;1;1;1;1
35;4003;5;4;3;2;1;1;1;2;2;1;1;1;1
35;4054;5;4;3;2;1;5;1;2;2;2;1;1;1
35;3992;5;2;1;2;1;1;7;2;2;2;2;1;1
35;3664;5;2;1;2;1;1;1;2;2;1;1;1;2
37;103;3;3;2;3;1;5;2;7;7;3;1;1;1
37;3571;5;3;1;3;2;5;3;2;2;2;1;1;1
37;3572;4;3;2;3;2;2;3;2;2;2;1;2;1
37;3573;4;3;1;3;2;5;6;7;7;2;1;2;1
37;3574;4;4;2;3;2;5;6;2;4;2;1;2;1
37;3575;3;3;1;3;2;5;6;7;7;2;1;2;1
37;3576;5;4;1;3;2;2;6;2;2;2;2;2;1
37;3577;3;2;1;3;2;2;6;1;2;2;1;2;1
37;3578;3;2;1;3;2;2;6;7;2;2;1;2;1
37;199;2;4;3;4;1;1;2;2;7;1;1;2;1
37;3711;2;2;1;4;1;5;1;2;7;2;1;1;1
37;3717;5;3;1;4;1;5;1;4;2;2;1;1;1
37;3718;5;4;1;4;1;5;1;2;2;1;1;1;1
38;30;3;3;2;2;1;3;1;7;6;2;1;1;2
39;1;3;3;1;3;1;5;1;2;7;1;1;1;1
39;2;3;4;1;3;1;5;1;2;2;1;1;1;1
39;16;4;2;1;3;1;2;1;2;4;1;1;1;1
39;42;4;3;1;3;1;2;1;7;4;1;1;1;1
39;66;4;3;2;3;2;1;6;2;2;1;1;1;1
40;16;1;3;1;3;2;5;6;7;7;1;1;2;1
41;49;4;3;1;2;2;1;2;7;7;1;1;1;1
41;66;2;2;1;3;1;1;2;4;4;1;1;1;1
41;78;5;1;2;3;1;2;1;2;2;1;1;1;1
41;79;3;3;2;3;3;2;2;7;7;1;1;2;1
41;98;3;3;1;3;3;2;2;4;4;1;1;1;1
41;137;3;3;1;3;3;5;2;7;7;1;1;1;1
42;17;4;3;1;3;3;5;2;2;2;3;1;2;1
42;50;3;4;2;3;1;5;2;7;2;2;1;1;1
42;51;4;4;1;3;1;5;1;2;5;3;1;1;2
42;52;1;3;2;2;1;1;2;7;7;1;1;1;1
42;53;4;3;1;2;3;1;2;2;4;1;1;2;1
42;55;3;2;1;2;3;1;2;2;2;1;1;1;1
42;39;4;4;2;2;3;1;2;7;4;2;1;1;1
42;58;3;3;3;2;3;1;2;2;7;1;1;2;1
42;57;5;3;3;2;3;1;2;2;2;1;1;1;2
42;56;1;4;1;2;3;1;2;7;6;1;1;1;1
42;34;5;3;1;2;3;2;2;2;2;2;1;1;2
42;63;4;3;3;2;3;1;2;1;2;2;1;1;1
42;62;3;3;3;2;3;1;2;7;7;1;1;1;1
42;61;1;4;1;2;3;2;2;5;6;2;1;2;1
42;95;4;3;1;3;3;2;2;1;4;1;1;2;1
42;96;3;3;1;3;3;2;2;2;2;2;1;1;1
42;65;5;3;1;3;3;2;2;2;2;1;1;2;1
42;128;5;3;2;3;3;5;2;2;2;3;1;1;1
42;133;3;4;1;3;3;2;2;7;4;2;1;1;1
42;146;4;3;2;3;3;5;2;2;2;1;1;1;1
42;181;5;3;1;3;3;5;2;2;2;1;1;1;2
42;182;4;3;1;3;3;5;2;2;2;2;1;2;2
42;165;5;3;1;3;3;5;2;2;2;2;1;2;1
42;78;5;3;1;3;3;5;2;1;2;2;1;1;2
42;3506;3;3;1;3;3;2;2;2;7;1;1;2;1
42;86;4;3;1;3;3;2;2;2;2;1;1;1;1
42;66;4;4;1;4;3;5;1;2;2;2;1;1;1
42;3740;3;3;1;4;3;5;1;1;1;2;1;1;1
42;3516;2;3;2;4;1;1;1;6;6;2;2;2;1
43;171;5;4;1;3;1;5;1;7;2;1;1;1;1
43;188;3;3;1;3;1;1;1;7;7;1;1;1;1
43;231;5;3;1;3;1;5;1;4;7;1;1;1;2
43;241;5;3;3;3;1;5;1;4;7;1;1;1;1
43;3535;4;2;1;3;1;5;1;4;7;1;1;1;1
43;3565;5;3;1;3;1;2;1;2;4;2;1;1;1
43;3581;5;2;2;3;1;2;1;2;2;1;1;1;2
43;3619;5;1;1;3;1;4;1;4;7;1;2;1;2
43;3613;5;3;2;3;1;4;1;2;2;2;2;1;1
43;3629;3;3;1;3;1;2;2;7;7;2;2;2;1
43;3702;4;2;3;4;1;4;2;4;7;2;2;1;1
43;3703;5;3;3;4;1;4;1;2;2;2;2;1;2
43;201;5;3;3;4;1;4;1;7;1;2;2;1;1
43;3714;4;3;1;4;1;5;1;7;7;2;1;1;1
43;3716;5;3;1;4;1;5;1;1;1;1;1;1;1
43;3786;5;3;1;4;1;5;0;1;1;1;0;1;1
43;3787;5;4;1;4;1;5;1;2;2;1;1;1;1
43;3821;4;3;1;4;2;1;1;1;7;1;1;1;1
43;3822;4;4;1;4;2;1;2;7;7;1;1;1;1
43;3825;5;3;2;4;1;1;1;2;2;1;1;1;1
43;2902;4;2;3;1;1;2;1;4;2;1;1;1;1
43;3941;3;3;3;1;2;1;2;1;7;1;1;1;1
43;4023;5;3;1;2;2;1;3;2;2;2;1;1;1
43;4024;5;3;2;2;1;2;1;4;7;1;1;1;1
43;173;5;2;2;2;2;1;2;2;2;1;1;1;1
45;68;4;4;2;3;1;2;1;2;2;1;1;1;1
45;114;4;2;1;3;1;2;1;2;2;2;2;1;1
45;3032;5;3;2;3;1;5;3;4;4;1;1;1;1
45;3504;5;3;2;3;1;5;3;7;7;2;1;2;1
47;75;3;3;2;3;1;2;2;6;6;2;1;1;2
48;92;3;2;2;3;3;2;3;7;7;3;1;2;1
48;94;4;4;1;3;3;5;3;2;1;2;1;1;1
48;109;4;4;2;3;3;5;3;4;4;1;2;1;1
48;127;3;3;1;3;3;5;3;7;4;1;1;1;1
48;144;4;4;3;3;3;5;3;7;4;1;1;2;1
48;197;5;4;1;3;3;5;3;2;2;1;1;1;1
48;68;4;4;2;3;3;1;3;7;2;1;1;2;1
48;3730;5;4;1;4;1;1;5;1;1;2;1;2;1
48;3790;5;4;2;4;3;1;3;2;4;2;1;2;1
48;3844;5;3;2;4;1;5;1;2;4;1;1;1;1
48;3849;3;1;2;4;1;1;1;7;7;2;1;1;1
48;3643;5;3;2;4;3;1;3;2;4;2;1;2;1
48;3637;5;4;2;4;1;1;1;4;5;3;1;1;1
48;42;3;3;1;4;1;1;1;7;7;2;1;1;1
48;3866;3;3;1;4;1;1;1;7;2;1;1;1;1
48;3585;4;3;1;4;1;2;1;7;7;1;1;1;1
48;3677;4;3;1;4;1;2;1;2;7;1;1;1;1
48;180;5;4;2;4;1;2;1;7;7;1;1;1;1
48;3873;5;4;2;4;1;2;1;7;7;2;1;1;1
48;3881;4;4;1;1;1;1;1;7;7;2;1;1;1
48;3884;5;4;1;1;1;1;1;7;7;1;1;1;1
48;3890;5;4;1;1;1;1;1;4;1;2;1;0;1
48;3891;5;4;1;1;1;1;1;2;7;2;1;1;1
48;3695;4;4;1;1;1;1;1;7;7;2;1;1;1
48;3902;4;4;1;1;1;2;1;7;7;1;1;1;1
48;3904;3;3;1;1;1;1;1;7;7;2;1;1;1
48;3783;5;4;1;1;1;1;1;7;7;1;1;1;1
48;3687;4;4;1;1;1;1;1;2;7;1;1;1;1
48;13;2;3;3;1;3;1;3;7;7;2;1;1;1
48;3929;4;4;1;1;1;1;1;2;7;1;1;1;1
48;3831;5;4;1;1;1;1;1;2;4;1;1;1;1
48;3934;5;4;1;1;1;1;1;7;7;1;1;1;1
48;3935;3;3;1;1;1;1;1;7;7;1;1;1;1
48;3713;4;3;1;1;1;2;1;7;7;1;1;1;1
48;3974;5;4;2;1;1;1;1;1;7;1;1;1;1
48;3978;4;4;1;1;1;1;1;7;7;1;1;1;1
48;3710;5;4;1;1;1;1;1;4;4;3;1;1;1
48;3642;5;4;1;1;1;5;1;7;3;3;1;1;1
48;3551;4;4;1;1;1;4;1;7;7;2;1;1;1
48;4062;3;4;1;1;1;1;3;7;7;2;1;1;1
48;4084;5;3;3;3;3;1;3;7;1;3;1;2;1
48;4081;5;3;1;3;3;5;3;7;7;1;1;2;0
48;4100;3;3;1;3;1;1;3;1;7;1;1;1;1
49;93;3;4;2;3;1;5;2;6;5;3;2;2;1
49;51;4;4;2;3;1;5;7;7;7;2;1;1;2
49;81;5;2;2;3;1;2;1;4;4;1;1;1;2
49;82;5;2;2;3;1;2;7;7;2;2;1;1;2
49;83;3;3;1;2;2;1;3;4;4;2;1;1;1
49;84;5;3;2;3;1;2;1;1;1;1;1;1;2
49;85;4;3;2;3;1;2;2;2;2;1;1;2;2
49;104;3;3;1;3;1;5;7;7;7;2;1;1;1
50;86;2;3;1;3;2;5;6;7;7;3;2;2;1
50;85;3;4;2;3;1;5;1;7;3;3;2;2;2
50;87;2;3;2;3;1;5;1;7;5;2;2;2;1
50;97;4;4;1;3;1;5;1;1;1;1;2;2;2
50;107;1;4;2;3;1;5;5;7;2;2;1;2;1
50;117;5;4;2;3;1;5;7;1;1;3;1;1;1
50;118;5;4;2;3;1;1;1;2;2;2;1;1;2
50;119;2;4;3;3;1;1;7;5;5;1;2;1;1
50;131;5;3;1;3;1;5;7;1;2;1;1;2;1
50;132;4;3;1;3;1;2;1;2;3;2;1;1;1
50;131;5;3;2;3;1;5;2;1;2;1;1;1;2
50;158;3;4;2;3;1;1;2;2;2;1;1;1;1
50;159;3;3;1;3;3;1;2;4;2;1;1;1;1
50;196;5;3;1;3;1;2;2;2;2;1;1;1;1
50;3564;4;3;1;3;1;2;2;7;2;1;1;1;1
50;38;4;3;2;3;1;1;7;2;2;1;1;1;2
50;3568;3;4;2;3;1;2;1;7;5;3;1;1;1
50;3569;4;3;1;3;1;5;1;4;2;1;1;1;1
50;2623;5;3;1;3;1;4;1;2;2;1;1;1;1
50;3623;4;1;2;3;1;1;3;2;2;1;1;1;1
50;49;2;2;2;3;1;1;3;2;7;1;1;2;1
50;3625;1;2;2;3;1;5;3;7;7;2;1;2;1
50;190;3;3;2;3;1;5;2;2;2;1;1;2;2
50;231;5;3;1;3;1;5;1;2;4;2;1;1;1
50;3694;4;3;1;4;1;5;1;4;2;3;2;2;1
50;3649;4;4;2;4;1;4;2;7;4;2;2;1;1
50;3697;4;3;2;4;1;5;2;4;4;1;2;1;1
50;3723;3;2;3;4;1;5;2;7;5;2;2;1;1
50;3724;4;2;3;4;1;5;2;2;4;1;2;2;1
50;3725;4;3;3;4;1;5;2;2;2;1;2;2;1
50;3731;3;2;2;4;1;1;2;2;2;1;2;1;1
50;3767;5;3;2;4;1;5;1;2;4;1;1;2;2
50;3629;4;3;2;4;1;1;2;2;4;1;1;1;1
50;3793;5;3;2;4;1;1;3;1;2;1;1;2;2
50;3806;4;4;2;4;1;5;2;7;4;3;2;1;2
50;3809;1;4;2;4;1;5;1;6;5;2;1;2;1
50;3810;5;3;2;4;1;4;1;2;2;1;1;1;1
50;3820;5;3;1;4;1;1;1;1;4;1;1;1;1
50;3823;4;2;2;4;1;1;2;7;7;3;1;1;2
50;3828;4;2;2;4;1;5;1;7;2;2;1;1;2
50;3829;3;3;2;4;1;5;1;7;7;2;1;1;1
50;3848;5;2;2;4;1;1;1;1;2;1;2;1;1
50;3855;2;3;2;4;1;1;1;7;2;2;1;1;2
50;3854;3;3;1;4;1;2;2;4;4;2;2;2;1
50;3879;4;3;1;1;1;5;2;2;2;1;1;2;2
50;102;5;2;2;1;1;1;2;1;2;1;1;1;1
50;3897;5;3;2;1;1;5;1;4;4;2;1;2;1
50;3932;5;3;3;1;1;1;5;2;1;3;1;2;2
50;3955;5;3;2;1;1;5;1;2;2;2;1;1;2
50;3955;4;4;2;1;1;5;3;7;7;1;1;2;2
50;3956;3;3;2;1;1;1;1;7;7;2;2;1;1
50;3961;3;4;2;1;1;2;1;7;7;2;2;2;2
50;3957;3;4;2;1;1;2;1;7;7;2;2;2;1
50;2661;4;2;2;1;1;5;1;4;2;2;1;1;1
50;3981;3;2;2;1;1;2;1;7;7;2;1;2;1
50;3982;4;3;2;1;1;3;1;2;6;2;1;1;1
50;3997;4;3;1;1;1;2;1;1;4;3;1;1;1
50;4018;4;2;2;2;1;1;1;4;7;1;1;1;1
50;4022;4;2;2;2;1;2;1;2;1;2;1;1;1
50;4029;4;3;2;2;1;1;1;4;2;1;1;1;2
50;2755;4;3;1;3;1;1;1;2;2;2;1;2;1
52;99;4;1;2;3;1;2;2;2;2;1;1;1;1
53;100;5;4;1;3;1;5;2;1;1;2;1;1;1
53;101;3;3;1;3;2;5;2;2;6;2;1;1;1
53;102;4;2;1;3;1;5;1;2;2;2;1;1;1
53;105;3;4;1;3;1;5;1;7;1;2;1;1;1
54;108;2;4;2;3;1;2;1;2;4;1;2;1;1
54;112;3;3;2;3;1;1;1;2;2;1;1;1;1
54;159;4;3;1;3;1;1;2;7;4;1;1;1;1
54;38;5;2;2;3;2;1;6;2;2;1;1;1;1
54;67;3;3;1;4;1;5;1;7;7;2;1;1;1
54;166;4;3;1;3;1;1;2;7;2;2;1;1;1
54;115;5;2;2;4;1;1;2;7;5;1;1;2;2
54;3579;5;4;2;4;1;1;2;2;2;1;1;1;1
54;2141;5;3;1;4;1;1;1;4;4;1;1;1;1
54;3687;3;2;2;4;1;1;1;7;7;1;1;1;1
54;3649;4;3;2;4;1;1;2;2;4;1;1;1;1
54;3696;5;2;2;4;1;5;2;2;4;1;1;1;1
54;3697;4;3;2;4;1;5;2;4;4;1;1;2;1
54;3723;3;2;3;4;1;5;2;6;6;2;1;2;1
54;3724;5;2;3;4;1;5;2;2;2;1;1;1;1
54;3725;4;3;3;4;1;5;2;2;2;1;1;1;1
54;3731;4;2;2;4;1;1;2;2;2;1;1;1;1
54;124;2;2;2;4;1;0;2;7;7;2;1;1;1
54;3806;4;4;2;4;1;5;2;7;7;3;1;2;2
54;3823;4;2;2;4;1;1;2;7;7;3;2;1;1
54;3510;3;3;2;4;1;1;2;7;7;1;1;2;1
54;3854;5;3;1;4;1;2;2;2;1;3;1;1;1
54;3879;4;3;1;4;1;1;2;2;2;2;2;1;1
55;115;4;4;2;3;1;5;2;6;6;2;1;1;1
55;130;4;4;2;3;1;5;1;4;4;2;1;1;2
55;135;4;1;1;3;1;5;1;6;6;2;1;1;1
55;150;5;2;2;3;1;1;2;2;4;2;1;2;2
55;151;5;4;2;3;1;5;1;1;4;2;1;1;2
55;152;5;1;2;3;1;5;2;2;4;2;1;1;2
55;156;4;4;2;3;1;1;1;2;1;2;1;1;1
55;157;3;4;2;3;1;1;1;2;4;2;1;1;1
55;190;4;4;1;3;1;2;1;4;4;2;1;1;2
55;191;5;4;1;3;1;2;1;7;6;2;1;1;2
55;192;4;4;1;3;1;2;1;7;7;2;1;1;1
55;193;4;1;1;3;1;2;1;4;4;2;1;1;1
55;194;4;1;1;3;1;5;1;4;2;2;1;1;1
55;79;4;4;1;3;1;5;1;1;4;2;1;1;1
55;195;5;4;1;3;1;5;2;1;4;2;1;1;2
55;217;5;3;2;3;1;1;2;6;6;2;1;1;1
55;218;4;1;1;3;1;5;1;7;4;2;1;1;2
55;219;5;1;1;3;1;5;1;4;4;2;1;1;1
55;223;5;1;1;3;1;2;1;1;4;2;1;1;1
55;172;5;2;1;3;1;1;2;2;4;2;1;1;2
55;3507;5;2;1;3;1;1;1;4;7;2;1;2;2
55;2021;4;2;1;3;1;4;1;2;7;2;1;1;2
55;3547;5;1;1;3;1;5;1;2;1;2;1;1;2
55;3548;5;1;1;3;1;1;2;2;2;2;1;1;2
55;3549;5;1;1;3;1;5;2;2;2;2;1;1;1
55;196;5;1;2;3;1;1;1;2;7;2;1;1;2
55;62;5;1;2;3;1;1;2;4;4;2;1;1;2
55;3552;4;1;1;3;1;1;1;2;2;2;1;1;2
55;3555;4;2;1;3;1;1;1;2;2;2;1;1;2
55;3556;5;2;1;3;1;1;1;2;2;2;1;1;2
55;3559;4;2;1;3;1;5;2;2;2;2;1;1;2
55;3560;5;2;1;3;1;5;2;2;2;2;1;1;2
55;3563;4;3;1;3;1;2;1;4;7;2;1;1;1
55;3569;3;2;1;3;1;2;2;7;7;2;1;1;1
55;3580;4;2;2;3;1;5;2;7;2;2;1;1;2
55;3580;4;2;2;3;1;5;2;2;7;2;1;1;2
55;3187;4;3;2;3;1;5;1;2;1;2;1;1;2
55;3593;4;3;2;3;1;2;2;7;4;2;1;2;2
55;3594;3;2;2;3;1;2;1;7;7;2;1;1;1
55;3601;4;2;1;3;1;5;1;1;4;2;1;1;1
55;166;5;3;1;3;1;2;2;2;2;2;1;1;1
55;3602;3;3;1;3;1;5;2;2;1;2;1;2;2
55;3603;3;3;1;3;1;5;1;2;2;2;1;1;2
55;3543;5;4;1;3;1;5;1;4;4;2;1;1;2
55;3604;3;2;1;3;1;5;1;7;7;2;1;1;1
55;3605;4;2;1;3;1;5;2;2;7;2;1;1;2
55;3606;5;3;1;3;1;5;2;2;4;2;1;2;2
55;3501;3;2;1;3;1;4;2;7;7;2;1;1;1
55;3612;4;2;1;3;1;5;1;2;4;2;1;1;1
55;3617;5;2;1;3;1;4;1;1;4;2;1;1;1
55;3621;3;3;1;3;1;5;1;1;5;2;1;1;1
55;3622;4;3;1;3;1;5;1;4;4;2;1;1;1
55;3623;4;1;2;3;1;1;3;2;1;2;1;2;1
55;49;4;2;2;3;1;1;3;2;1;2;1;1;1
55;3598;5;1;1;3;1;5;1;2;4;2;1;1;1
55;3599;5;2;1;3;2;5;2;1;4;2;1;1;1
55;3627;4;1;1;3;1;5;1;4;4;2;1;1;1
55;253;3;1;1;3;1;5;1;4;7;2;1;1;1
55;3631;3;2;1;3;1;5;1;4;7;2;1;1;1
55;3635;5;1;1;3;1;5;1;2;1;2;1;1;1
55;138;5;2;1;3;1;5;2;4;3;2;1;1;2
55;3636;3;2;1;3;1;1;2;2;7;2;1;1;1
55;3647;3;4;2;3;1;5;2;7;7;2;1;1;1
55;2015;4;2;1;3;1;5;2;2;2;2;1;1;1
55;3649;5;4;2;3;1;5;2;2;4;2;1;2;2
55;3650;4;2;1;3;1;5;2;2;7;2;1;1;2
55;3651;1;4;1;3;1;5;2;6;6;2;1;2;1
55;3653;4;4;1;3;1;5;1;2;4;2;1;1;1
55;39;5;3;2;3;2;5;2;4;4;2;1;2;1
55;2523;3;2;1;3;1;5;1;7;7;2;1;1;1
55;3658;5;4;2;3;1;4;1;2;2;2;1;1;2
55;2716;4;2;1;4;1;5;1;4;7;2;1;1;1
55;3530;3;1;3;4;1;5;1;7;7;2;1;1;1
55;2271;3;1;3;4;1;5;1;1;7;2;1;1;2
55;3671;4;2;3;4;1;5;1;1;1;2;1;1;1
55;3672;4;3;3;4;1;5;2;2;4;2;1;1;2
55;197;5;3;3;4;1;5;1;2;1;2;1;1;1
55;3673;3;1;3;4;1;5;1;7;7;2;1;1;2
55;3674;5;1;3;4;1;5;1;2;1;2;1;1;2
55;3689;3;1;3;4;1;5;1;5;4;2;1;1;1
55;3690;2;1;3;4;1;5;2;6;7;2;1;1;1
55;58;2;1;3;4;1;5;2;4;5;2;2;2;1
55;3691;3;2;3;4;1;5;2;7;4;2;2;1;1
55;3692;4;2;3;4;1;5;2;4;4;2;2;2;1
55;178;4;3;3;4;1;5;1;4;2;2;2;1;1
55;3693;4;4;3;4;1;5;1;2;4;2;2;1;1
55;198;3;4;3;4;1;5;1;4;2;2;2;1;1
55;142;4;1;1;4;1;5;2;4;4;2;2;1;2
55;67;3;1;1;4;1;5;2;4;7;2;2;1;1
55;3699;5;1;1;4;1;4;1;2;2;2;2;1;2
55;3700;5;2;1;4;1;5;2;4;4;2;2;1;1
55;3701;5;1;1;4;1;4;1;2;2;2;2;1;2
55;3521;5;3;1;4;1;5;2;4;6;2;1;2;1
55;3721;5;2;1;4;1;5;1;2;2;2;1;1;2
55;54;2;4;1;4;1;5;2;7;6;2;1;2;1
55;3722;5;2;1;4;1;1;1;2;4;2;1;1;2
55;3728;5;2;2;4;1;5;1;2;4;2;1;1;2
55;74;3;3;2;4;1;5;2;7;6;2;1;1;2
55;3737;3;2;2;4;0;5;1;7;6;2;1;1;1
55;3738;3;2;1;4;1;2;2;7;5;2;2;1;1
55;3741;4;2;1;4;1;2;2;4;7;2;2;1;1
55;3742;1;3;1;4;1;5;2;6;6;2;1;2;1
55;3749;3;2;1;4;1;5;1;7;4;2;2;1;1
55;3753;5;4;1;4;1;5;1;4;4;2;1;1;1
55;20;3;1;1;4;1;1;1;7;7;2;0;1;1
55;3695;4;1;1;4;1;5;1;7;4;2;1;1;1
55;3755;4;2;1;4;1;2;2;7;4;2;1;1;1
55;3759;3;2;1;4;1;5;1;1;1;2;1;1;1
55;3763;4;2;1;4;1;5;2;7;4;2;1;1;1
55;3769;5;3;2;4;1;5;2;2;4;2;1;1;2
55;122;5;3;2;4;1;5;1;2;4;2;1;1;2
55;3731;4;4;1;4;1;5;1;7;2;2;1;1;2
55;33;5;2;1;4;1;5;1;2;2;2;1;1;2
55;3756;5;2;1;4;1;5;1;2;2;2;1;1;2
55;3667;3;2;1;4;1;5;2;7;7;2;1;1;1
55;3781;5;3;2;4;1;5;2;1;2;2;1;1;2
55;228;3;2;1;4;1;5;2;4;7;2;1;1;2
55;3784;4;3;1;4;1;5;2;4;4;2;1;1;1
55;3785;4;4;2;4;1;5;1;7;7;2;1;1;0
55;3797;4;4;2;4;1;1;1;4;6;2;1;1;2
55;162;5;2;1;4;1;1;1;2;4;2;1;1;2
55;3313;5;2;1;4;1;1;1;2;6;2;1;1;2
55;3116;5;2;2;4;1;5;2;4;2;2;1;1;2
55;3830;5;2;1;4;1;5;2;2;2;2;1;1;2
55;3831;5;2;1;4;1;5;1;4;2;2;1;1;2
55;1889;5;2;3;4;1;5;1;6;4;2;1;1;2
55;3832;3;3;3;4;1;5;1;7;6;2;1;1;1
55;3304;4;2;3;4;1;4;2;7;4;2;1;1;1
55;3833;3;2;3;4;1;4;1;7;7;2;1;1;1
55;3835;3;1;3;4;1;5;1;7;7;2;1;1;2
55;3836;4;1;3;4;1;5;1;4;6;2;1;1;1
55;3837;4;1;3;4;1;5;1;7;6;2;1;1;1
55;3841;4;1;3;4;1;5;1;7;6;2;1;1;1
55;1974;4;2;3;4;1;5;2;7;6;2;1;1;1
55;3842;4;2;3;4;1;5;2;7;4;2;1;1;1
55;2461;4;1;3;4;1;1;1;6;6;2;1;1;1
55;3783;5;2;3;4;1;1;1;4;2;2;1;1;1
55;3843;5;2;1;4;1;1;2;1;6;2;1;1;1
55;3845;2;1;3;4;1;1;1;5;7;2;1;1;1
55;3846;3;1;3;4;1;1;1;7;2;2;1;1;1
55;3687;3;1;3;4;1;5;2;7;7;2;1;2;1
55;3856;5;2;3;4;1;5;1;4;2;2;1;1;1
55;3857;3;1;3;4;1;1;1;4;4;2;1;1;1
55;3630;4;2;3;4;1;1;2;2;4;2;1;1;1
55;3870;5;2;1;4;1;5;2;1;6;2;1;1;2
55;3871;3;1;1;4;1;2;1;2;1;2;1;1;1
55;136;3;2;1;4;1;2;2;7;7;2;1;1;1
55;3677;3;2;1;4;1;5;2;7;4;2;1;1;1
55;2509;5;2;1;4;1;1;1;4;4;2;1;1;2
55;3874;4;3;1;4;1;5;2;4;3;2;1;1;2
55;3880;5;2;2;1;1;1;1;7;2;2;1;1;2
55;3885;4;2;2;1;1;1;1;2;4;2;1;1;1
55;3713;3;3;2;1;1;1;2;7;7;2;1;1;2
55;3892;4;2;1;1;1;1;1;1;4;2;1;1;1
55;3714;4;2;1;1;1;1;1;7;1;2;1;1;1
55;3894;4;2;1;1;1;1;2;2;5;2;1;1;1
55;3899;3;2;1;1;1;1;1;4;7;2;1;1;1
55;1938;5;2;1;1;1;2;2;7;2;2;1;1;2
55;3919;4;4;2;1;2;5;2;7;6;2;1;1;1
55;3920;5;2;1;1;1;5;2;4;4;2;1;1;2
55;14;3;3;2;1;1;1;2;7;4;2;1;1;1
55;3952;3;2;1;1;1;1;1;7;7;2;1;1;1
55;3589;4;2;2;1;1;1;1;4;4;2;1;1;1
55;3590;5;4;2;1;1;1;1;2;4;2;1;1;1
55;3954;5;4;2;1;1;1;1;1;4;2;1;1;1
55;3958;4;2;1;1;1;1;2;4;4;2;1;1;1
55;3869;3;2;1;1;1;2;2;7;7;2;1;1;1
55;3865;3;2;1;1;1;2;2;4;7;2;1;2;1
55;3964;4;3;1;1;1;5;2;4;4;2;1;2;1
55;3992;5;3;2;1;2;1;2;2;2;2;1;1;1
55;3950;3;2;1;1;1;1;1;5;7;2;1;1;1
55;3999;3;2;1;1;1;1;2;5;7;2;1;1;1
55;4002;4;2;1;1;1;5;2;5;7;2;1;1;1
55;3962;2;2;2;2;1;1;1;7;7;2;1;1;1
55;4004;4;2;1;2;1;5;1;7;4;2;1;1;1
55;4006;3;2;1;2;1;1;2;6;7;2;1;1;1
55;3918;4;2;1;2;1;1;1;7;2;2;1;1;2
55;4011;2;1;2;2;1;5;1;7;7;2;1;1;1
55;226;3;3;2;2;1;1;1;7;7;2;1;1;2
55;4012;4;2;2;2;1;5;1;2;2;2;1;1;2
55;230;3;4;2;2;1;1;1;4;7;2;1;1;2
55;4014;3;4;2;2;1;1;2;7;5;2;1;1;1
55;4033;5;3;2;1;2;1;2;1;2;2;1;1;1
55;4034;5;4;2;1;1;1;1;2;2;2;1;1;2
55;3029;4;4;2;2;1;1;2;5;4;2;1;1;1
55;4035;3;4;2;2;1;1;2;4;7;2;1;2;1
55;4091;3;4;2;3;1;2;2;7;7;2;1;2;1
55;4092;4;4;2;3;1;2;2;4;7;2;1;2;1
55;4093;2;4;2;3;1;5;2;6;7;2;1;2;1
55;3979;3;4;2;3;1;5;2;2;7;2;1;1;1
55;4094;3;4;2;3;1;5;2;4;7;2;1;2;1
55;3966;3;4;2;3;1;5;2;2;7;2;1;2;1
55;3312;3;4;2;3;1;5;2;7;7;2;1;1;1
55;4103;2;4;2;3;1;5;2;7;6;2;1;1;1
55;4032;3;4;2;3;1;5;2;7;7;2;1;1;1
55;4057;3;4;2;3;1;2;2;7;2;2;1;1;2
55;4104;3;4;2;3;1;5;2;7;7;2;1;1;1
55;4086;3;4;2;3;0;5;2;7;4;2;1;1;1
55;4107;2;4;2;3;1;1;1;7;7;2;1;1;1
55;4054;3;4;2;3;1;5;1;7;7;2;1;1;1
55;99;3;3;2;3;1;5;1;7;7;2;1;1;1
55;4108;4;4;2;3;1;5;1;7;4;2;1;1;1
55;4130;4;4;2;3;1;5;1;2;4;2;1;1;1
55;4131;4;2;2;3;1;5;1;5;7;2;1;1;1
55;4132;3;3;2;3;1;2;2;7;4;2;1;1;1
56;107;3;4;2;3;1;5;1;7;7;1;1;1;1
56;134;2;3;1;3;1;2;2;5;5;2;1;2;1
56;167;4;4;1;3;1;5;1;7;7;2;1;1;1
56;189;4;3;1;3;1;2;2;2;2;1;1;1;2
56;68;5;3;2;3;1;1;2;2;2;1;1;1;1
56;247;3;3;2;3;1;1;2;4;7;2;1;1;1
57;127;2;4;2;3;3;5;3;7;7;2;1;1;1
57;38;5;4;2;3;1;5;2;2;2;1;1;1;1
57;109;4;4;2;3;1;5;3;7;2;1;1;1;1
57;67;3;4;2;3;1;5;3;7;2;1;1;2;1
57;54;2;4;2;3;1;5;3;4;4;3;1;1;1
59;136;1;3;1;1;1;5;1;7;7;2;1;1;1
59;179;2;4;1;3;1;1;1;7;7;2;1;1;2
59;153;3;4;2;1;1;1;1;7;7;1;1;1;2
59;47;4;4;3;3;1;1;1;7;7;3;1;1;1
59;3998;4;3;1;1;1;1;1;2;2;1;1;1;1
59;4000;4;4;2;1;1;5;1;1;1;2;1;1;1
59;4010;3;3;1;2;1;1;1;7;7;3;1;1;1
60;142;4;3;2;3;1;1;1;7;7;1;1;2;2
60;136;3;3;1;3;1;2;2;7;2;2;1;1;1
60;86;4;2;1;3;2;2;3;2;2;2;1;1;1
60;166;5;2;2;4;1;5;1;2;2;1;1;1;1
60;3777;4;2;2;4;1;5;1;2;2;1;1;1;1
60;3716;4;4;1;4;1;1;2;1;1;1;1;1;1
60;3726;5;3;1;4;2;5;3;4;4;1;1;1;1
60;3545;4;4;1;1;1;1;1;2;2;2;1;1;1
60;3950;5;3;1;1;2;1;3;2;2;1;1;1;1
60;3972;4;2;1;1;2;1;2;2;2;1;1;1;1
60;3979;3;4;1;1;2;3;3;2;2;1;1;1;1
60;13;2;2;2;1;1;1;2;7;7;1;1;1;1
60;4008;3;2;1;2;1;1;1;2;1;1;1;1;1
60;3691;4;4;2;2;1;1;2;2;2;1;1;1;1
60;3770;2;4;2;2;1;2;2;7;7;2;1;1;1
60;4036;4;3;1;2;2;1;3;7;7;2;1;1;1
60;4032;3;3;2;2;1;1;2;7;7;2;1;1;1
60;56;3;3;1;2;1;1;1;2;2;1;1;1;1
60;3958;1;3;2;2;1;1;1;7;7;1;1;1;1
60;4040;3;2;2;2;1;1;1;2;2;1;1;1;1
60;3735;5;2;2;2;1;1;1;2;2;1;1;1;1
60;3735;5;2;2;2;1;1;1;2;2;1;1;1;1
60;3610;5;2;2;2;1;1;1;2;2;1;1;1;1
60;4070;5;3;1;3;2;1;3;2;2;1;1;1;1
60;4071;3;4;1;3;2;1;3;7;7;2;1;1;1
60;61;3;3;2;3;1;2;2;7;7;2;1;1;1
61;161;5;2;1;3;2;1;1;2;2;1;1;1;2
61;3;4;2;1;2;1;1;1;2;2;2;1;1;1
61;163;2;3;1;2;1;1;1;7;2;1;1;1;1
61;213;3;3;2;3;2;5;2;7;7;1;1;1;1
61;124;4;3;1;3;1;5;2;7;2;1;1;1;1
61;3585;3;3;2;3;1;5;2;7;7;1;2;1;1
61;3609;4;3;2;3;1;5;2;7;2;2;1;1;2
61;3683;4;3;3;4;1;4;2;2;7;1;1;2;2
61;3678;4;3;3;4;2;1;2;2;2;1;1;1;1
61;3698;4;4;2;4;1;5;5;1;7;1;1;2;1
61;3545;4;4;2;4;1;4;2;2;2;1;1;1;1
61;3695;2;3;3;4;1;5;2;7;7;1;1;1;1
61;3739;4;3;1;4;1;2;2;7;2;1;1;2;2
61;3758;5;3;1;4;1;2;2;2;2;2;1;2;1
61;3765;3;3;2;4;1;3;2;7;7;2;1;1;1
61;32;4;3;1;4;1;5;1;1;3;3;1;1;1
61;3805;3;3;1;4;1;5;2;2;7;1;1;2;1
61;3731;5;3;1;4;1;4;1;2;2;1;1;1;2
61;2509;5;3;2;4;1;1;2;2;7;1;1;2;2
61;1953;4;3;2;1;1;1;2;7;7;1;1;1;2
61;3926;3;3;1;1;1;1;1;2;2;2;1;1;1
61;3724;2;3;2;1;1;1;2;7;7;1;1;1;1
61;212;5;3;2;1;1;1;2;2;7;1;1;1;1
61;3943;5;3;2;1;1;2;2;2;2;1;1;2;2
61;3957;4;4;2;1;1;1;1;1;7;1;1;2;1
61;3630;4;3;1;1;1;1;2;7;7;2;2;1;1
61;3989;4;3;1;1;1;5;7;2;7;1;1;2;2
61;3998;4;3;3;1;1;5;2;2;2;1;1;1;1
61;3617;3;3;3;2;1;1;7;2;7;2;1;2;2
61;131;4;4;3;2;1;5;1;7;7;1;1;2;1
61;4049;5;4;3;2;1;1;2;2;2;1;1;1;1
61;4036;4;3;3;2;2;1;2;3;7;1;1;1;1
61;4053;4;3;2;2;1;2;2;2;7;1;1;2;1
61;4060;4;3;2;2;1;1;2;7;2;1;1;1;1
61;4066;4;3;1;2;2;1;2;2;2;1;1;1;1
61;35;4;3;1;2;1;1;5;1;2;1;1;2;2
61;3579;4;1;2;3;1;1;2;7;7;1;1;1;1
61;3713;4;3;1;3;1;1;2;7;7;1;1;1;1
61;4077;4;3;2;3;1;1;1;7;7;1;1;1;2
61;3950;3;3;2;3;1;5;2;7;7;1;1;1;1
61;4087;5;3;1;3;2;5;2;2;2;1;1;2;1
61;4097;4;4;2;3;1;5;2;7;2;1;1;1;1
62;47;5;3;1;2;2;1;2;4;4;1;1;1;1
63;168;3;4;2;3;1;1;2;2;7;3;1;1;1
63;169;3;4;1;3;1;5;2;6;7;2;1;1;1
63;83;4;3;2;3;1;1;2;6;2;1;1;1;1
63;202;2;4;2;3;1;5;2;6;6;3;1;2;1
64;172;5;3;3;3;1;5;1;2;2;1;1;1;1
71;198;3;4;1;3;1;2;1;7;4;1;1;1;1
71;199;1;3;2;3;2;2;3;1;5;2;1;2;1
72;200;5;2;1;3;2;5;4;1;1;2;2;1;1
72;201;5;3;1;3;2;5;2;2;7;2;2;2;1
73;203;3;3;1;3;1;5;3;2;4;2;1;1;1
73;222;2;3;2;3;1;2;3;3;6;2;1;1;2
75;205;3;3;2;3;1;5;1;7;7;2;1;1;1
75;206;5;1;2;3;1;1;1;2;4;1;1;1;1
75;207;5;3;2;3;1;1;1;2;3;1;1;1;2
75;208;3;3;2;3;1;5;1;2;5;1;1;1;1
75;209;4;4;2;3;1;5;1;2;2;1;1;1;2
75;183;5;1;2;3;1;5;1;1;4;1;1;1;1
75;3546;5;3;2;3;1;1;1;1;3;1;1;1;1
75;3242;4;2;2;3;1;1;1;2;2;1;1;1;1
75;3685;5;1;2;3;1;4;1;2;4;1;1;1;1
75;3686;4;3;2;3;1;1;1;2;2;1;1;1;1
75;3811;5;3;2;4;1;5;1;2;5;1;1;1;1
75;3812;5;3;2;4;1;5;1;6;3;1;1;1;1
75;3813;5;3;2;4;1;1;1;2;2;1;1;1;2
75;3620;5;1;2;4;1;5;1;2;3;1;1;1;1
75;3814;5;3;2;4;1;5;1;7;5;1;1;1;2
75;3252;4;2;2;4;1;5;1;2;2;1;1;1;1
75;3815;4;2;1;4;1;5;1;1;5;1;1;1;1
75;2086;4;3;3;4;1;4;1;2;7;1;1;1;1
75;3817;5;3;2;4;1;4;1;2;4;1;1;1;1
75;3554;5;3;3;4;1;4;1;4;1;1;1;1;1
75;3818;4;2;3;4;1;4;1;2;2;1;1;1;1
75;3819;4;2;1;4;1;5;1;1;1;1;1;1;1
75;3984;5;3;2;1;1;1;1;2;4;1;1;1;1
75;2978;5;3;2;1;1;1;1;1;5;1;1;1;2
75;3985;5;2;2;1;1;1;1;2;5;1;1;1;1
75;3752;3;3;2;1;1;1;1;7;7;1;1;1;1
75;3986;4;1;2;1;1;5;1;2;7;1;1;1;1
75;3222;5;4;2;1;1;1;1;4;3;1;1;1;2
75;3177;5;2;1;1;1;5;1;2;3;1;1;1;1
75;3987;5;1;2;1;1;5;1;1;3;1;1;1;1
75;3988;4;3;2;1;1;1;1;2;2;1;1;1;1
75;4102;4;1;2;3;1;5;1;2;7;1;1;1;1
75;4109;4;0;1;3;1;5;1;2;5;2;1;1;1
75;4110;4;2;2;3;1;1;1;2;4;1;1;1;1
75;4111;5;3;2;3;1;5;1;2;3;1;1;1;1
75;4112;4;1;2;3;1;5;1;2;7;1;1;1;1
75;3242;4;2;2;3;1;1;1;2;2;1;1;1;2
75;4113;5;2;1;3;1;5;1;1;3;3;1;1;1
75;3737;5;3;2;3;1;5;1;1;5;1;1;1;1
75;4115;5;2;1;3;1;5;1;2;3;1;1;1;1
75;4116;2;3;2;3;1;5;1;7;7;1;1;1;1
75;2668;5;1;2;3;1;5;1;3;3;1;1;1;1
79;99;4;3;1;3;1;1;2;7;3;2;1;2;1
79;233;4;3;1;3;1;5;2;4;3;2;1;2;1
79;234;5;3;1;3;1;5;2;1;2;2;1;2;1
79;3713;5;3;1;4;1;2;2;4;4;1;1;1;1
79;3726;5;3;1;4;1;1;2;4;3;2;1;1;1
79;3772;4;3;1;4;1;1;2;1;4;2;1;1;1
82;199;5;3;2;3;2;5;3;2;2;1;1;2;1
83;236;5;3;2;4;1;5;1;2;6;1;1;1;1
85;111;5;2;2;2;2;1;1;2;2;1;1;1;1
85;166;4;2;2;3;1;1;7;2;2;1;1;1;1
86;220;5;3;1;3;1;5;1;7;7;2;1;1;2
86;244;5;4;2;4;1;5;1;7;7;2;1;1;1
86;245;5;3;3;3;1;1;1;7;7;2;1;1;1
86;246;5;3;2;3;1;1;1;7;7;2;1;1;1
86;247;2;4;1;3;1;5;1;7;7;2;1;1;1
86;248;5;3;2;3;1;1;5;4;4;2;1;1;1
86;249;5;3;2;1;1;1;1;4;7;2;1;1;1
86;250;5;4;3;2;1;1;5;7;7;1;1;1;1
87;3505;5;3;1;3;1;1;2;4;4;1;1;1;1
88;3511;5;3;2;3;1;2;2;1;1;2;0;1;2
88;3512;5;3;2;3;1;2;2;1;1;2;0;1;1
88;3191;5;3;2;3;1;2;3;4;3;1;0;2;2
89;3519;4;4;1;3;2;2;3;2;4;1;1;1;1
89;104;3;4;3;2;2;1;2;2;2;1;1;1;1
89;52;5;4;2;1;3;1;3;2;2;1;1;1;1
89;180;4;4;2;3;1;2;3;2;2;1;2;1;1
89;3553;4;3;1;3;2;2;2;4;2;1;1;1;1
89;3554;4;3;2;3;2;1;2;1;2;1;1;1;1
89;66;2;2;1;3;2;2;4;5;2;2;1;1;1
89;201;4;2;1;3;1;2;1;7;5;3;1;1;1
89;1;2;3;2;3;1;2;3;5;4;1;1;1;1
89;3595;1;3;2;3;1;5;3;2;6;1;1;2;1
89;3628;5;4;2;3;1;5;3;1;4;1;1;1;1
89;3624;4;3;1;3;2;2;2;2;2;1;1;1;1
89;3750;4;3;2;1;1;1;3;4;3;2;1;1;1
91;187;2;3;1;3;1;2;1;7;1;2;2;1;1
91;38;4;3;2;3;1;5;3;2;2;1;1;1;1
91;3726;5;4;2;4;1;5;1;1;7;2;2;1;1
91;3727;3;4;2;4;1;5;1;7;7;1;1;1;1
91;51;4;4;2;4;1;5;1;7;7;1;2;1;1
91;233;4;4;1;4;1;5;1;7;7;1;2;1;1
93;3526;5;2;3;2;1;1;3;2;2;1;1;2;1
96;3523;3;3;2;3;2;2;3;7;7;1;1;1;1
96;2628;5;3;1;3;1;2;7;2;2;1;1;1;2
96;3510;5;4;2;3;2;1;3;4;7;1;2;1;1
96;243;2;3;3;2;2;5;3;7;6;1;1;1;1
96;3525;5;3;1;1;1;3;1;2;2;1;2;1;2
96;3526;5;2;3;1;3;1;3;2;2;1;1;1;2
96;61;3;4;2;2;2;2;3;7;4;2;1;1;1
96;191;5;3;2;4;1;4;1;2;7;1;1;2;1
96;192;5;2;1;4;1;4;1;7;2;1;1;1;1
96;3527;4;4;1;3;1;5;1;7;1;2;1;1;2
96;138;5;3;2;3;3;2;3;4;7;1;1;1;2
96;3528;3;3;3;2;1;1;1;1;6;3;2;2;1
96;2592;5;2;3;1;1;1;1;2;2;1;1;1;2
96;18;4;3;2;2;2;5;3;7;7;1;1;1;1
96;3529;5;3;3;3;1;3;7;2;4;1;1;1;2
96;3530;5;2;1;4;1;5;1;2;2;3;2;1;2
96;3531;5;3;1;4;3;1;3;7;7;1;1;1;1
96;3532;1;3;1;3;1;2;1;5;7;2;1;2;1
96;13;5;3;2;3;2;3;3;2;7;1;1;1;1
96;3533;5;2;3;2;3;1;3;2;2;1;1;1;0
96;3534;3;3;2;1;1;5;1;7;2;1;1;1;1
96;3536;4;3;1;3;3;1;3;2;2;1;1;1;2
96;3537;4;2;2;2;1;3;1;2;2;2;1;1;2
96;3538;3;2;2;2;1;3;1;2;2;2;1;1;1
96;3539;5;3;2;2;1;2;1;2;2;3;1;1;1
96;3507;4;0;1;4;1;1;7;7;7;1;1;1;1
96;3540;4;3;2;2;2;5;3;2;7;2;1;1;1
96;3541;5;3;3;3;1;2;7;2;2;1;1;1;2
96;3542;3;2;2;2;1;1;1;7;7;2;1;1;1
96;66;3;3;2;2;2;1;3;2;2;1;1;1;1
99;3528;3;4;2;3;1;2;1;3;3;1;1;0;0
100;3543;5;3;3;2;2;1;7;4;4;1;1;2;1
100;212;5;1;3;3;1;1;1;2;1;1;1;2;1
100;194;3;3;3;2;2;2;3;7;7;2;0;0;1
100;2360;5;3;2;3;1;5;7;2;2;1;1;0;0
100;3544;2;3;0;0;0;0;2;7;7;2;0;0;0
100;79;3;3;3;2;2;5;3;7;7;2;0;0;0
103;3098;5;3;1;3;1;1;1;7;7;1;1;1;2
103;3570;5;2;1;3;1;5;1;7;7;1;1;1;1
103;54;5;3;1;4;1;5;1;7;7;1;1;1;1
104;3598;3;3;1;3;1;5;2;2;2;1;1;1;1
104;3599;3;3;2;3;2;2;7;7;7;1;1;1;1
104;3600;2;3;1;3;1;1;2;6;6;3;1;1;1
105;3598;4;3;1;3;1;5;2;2;7;2;1;2;1
108;3579;5;3;2;3;1;4;2;2;2;1;1;2;1
108;3610;5;2;1;3;1;4;2;2;2;1;2;2;1
112;3706;5;2;3;2;3;1;3;2;2;1;1;1;2
112;3707;5;4;2;3;1;2;1;7;1;1;1;1;2
112;3708;5;3;1;3;1;3;2;2;2;1;1;1;1
112;3709;5;1;1;2;1;1;1;2;2;1;1;1;1
112;3710;2;4;1;4;1;4;1;6;6;3;2;2;1
112;3610;4;4;2;4;3;5;3;2;2;1;1;1;1
112;3736;3;4;1;4;1;5;1;7;1;2;1;1;1
122;3746;5;0;0;0;1;0;1;7;2;2;0;1;2
122;16;4;0;0;0;2;0;3;7;7;1;1;1;1
122;18;2;2;2;2;1;1;1;7;7;1;1;1;1
122;3747;5;3;2;0;1;0;1;1;3;1;1;1;2
123;3748;3;4;2;4;2;5;3;1;2;2;2;2;1
125;3754;3;4;1;4;1;5;7;7;2;1;1;2;1
125;3758;5;4;1;4;3;5;2;2;2;1;1;1;1
125;3765;3;4;2;4;3;5;2;4;6;1;1;2;1
125;159;5;4;1;4;3;5;2;2;2;1;1;1;2
125;3796;3;4;1;4;1;1;7;2;2;1;1;2;1
125;3726;5;4;1;4;1;1;1;4;4;1;1;1;1
125;2509;5;4;2;4;3;1;2;4;4;1;1;1;2
125;3916;4;2;1;1;1;1;1;2;2;1;2;1;1
125;253;5;4;1;1;1;1;1;2;2;1;2;1;1
125;3703;5;4;1;1;1;5;1;2;2;1;2;1;1
125;1953;2;4;2;1;3;1;2;6;6;3;1;1;1
125;3630;3;4;1;1;3;1;2;7;7;2;1;2;1
125;3611;5;1;1;2;1;1;1;2;2;1;2;1;1
125;4053;4;4;1;2;1;3;2;2;2;1;1;2;1
125;4054;4;4;1;2;1;1;1;2;2;1;2;1;1
125;4058;2;2;1;2;1;1;1;7;7;2;2;1;1
125;4060;3;4;2;2;3;1;2;2;2;1;1;1;1
125;3926;3;4;1;2;1;1;1;2;2;1;1;1;1
125;4066;4;4;1;2;2;1;2;2;2;1;1;1;1
125;4074;3;2;1;2;1;1;1;7;7;2;1;1;1
125;3579;4;2;2;3;3;1;2;7;7;1;1;2;1
125;4072;1;2;1;3;1;1;1;6;7;3;1;1;1
125;3713;5;4;1;3;3;1;2;2;4;1;1;1;1
125;3950;3;4;2;3;3;5;2;7;7;1;2;2;1
125;4087;5;3;1;3;2;2;2;2;2;1;1;1;1
125;4090;4;3;2;3;2;5;3;7;7;1;1;1;1
125;4097;5;4;2;3;3;5;2;2;2;1;1;1;1
125;4070;5;4;2;3;1;1;1;2;2;1;1;1;1
126;3032;5;3;2;1;1;1;1;4;2;1;1;1;1
126;3756;5;3;2;2;1;1;1;4;2;1;1;1;1
126;3757;5;3;2;3;1;2;1;7;2;2;1;1;1
127;3712;4;3;1;4;1;4;1;2;7;1;1;1;1
127;3834;5;4;1;4;2;5;3;1;1;1;1;2;1
127;3867;4;3;1;4;1;2;1;2;2;1;2;1;1
127;3922;5;3;2;1;1;1;5;1;2;1;1;2;1
127;3714;3;3;2;1;1;1;1;7;7;2;1;1;1
127;3740;2;4;3;1;1;5;7;7;7;2;1;2;1
127;3899;3;3;1;1;1;2;7;7;7;2;1;2;1
127;4003;5;3;3;2;1;1;7;4;4;1;1;1;1
127;3656;5;3;3;2;1;5;7;2;4;2;1;2;1
131;3776;3;3;1;4;1;5;1;2;7;1;1;2;1
131;3779;3;4;2;4;1;5;1;2;2;1;1;2;1
131;3743;4;3;3;4;2;1;3;2;2;1;1;2;1
131;3678;4;4;1;4;3;5;3;2;2;1;1;2;1
132;3787;4;3;2;4;2;2;2;7;2;2;1;1;1
134;3748;4;3;2;4;1;5;7;2;2;1;1;1;1
134;3824;3;3;3;4;1;1;3;2;2;2;1;1;1
134;184;5;3;2;4;1;1;7;2;2;1;1;1;1
138;3770;4;3;1;4;1;2;2;7;4;1;1;1;1
138;3868;4;4;1;4;1;5;2;7;1;2;1;1;2
140;3859;5;3;2;2;3;1;3;2;2;1;1;1;2
140;3926;5;3;2;1;1;1;2;2;2;1;1;1;1
141;2489;4;3;1;1;2;2;1;7;7;2;1;1;1
141;48;3;2;1;0;0;0;0;4;7;2;1;1;1
141;3864;4;4;1;0;1;0;3;7;4;2;1;1;1
141;109;5;4;1;1;1;2;1;2;2;1;1;1;1
141;3882;4;3;1;1;1;2;1;2;3;1;1;1;1
141;3883;5;3;1;1;1;0;1;5;7;2;1;1;1
143;3860;4;3;1;4;1;2;1;7;7;2;1;0;1
143;3861;4;3;0;0;1;0;1;7;7;2;1;0;0
143;3708;5;0;0;0;0;0;0;7;7;2;0;0;0
143;3535;4;0;0;0;0;0;0;7;7;2;0;0;0
143;3862;4;0;0;0;0;0;0;7;7;2;0;0;0
143;3510;5;0;0;0;0;0;0;7;7;2;0;0;0
143;3863;4;0;0;0;0;0;0;7;7;2;0;0;0
144;164;5;4;1;4;1;5;1;2;2;1;1;2;1
144;220;5;4;2;1;1;1;1;2;7;1;1;1;1
145;3737;5;3;2;1;1;2;0;7;7;2;0;0;0
145;3750;4;3;1;4;1;2;1;7;4;2;0;0;0
145;3610;5;0;0;0;0;0;0;2;2;1;0;0;0
145;3735;5;0;0;0;0;0;0;2;2;2;0;0;0
147;3865;2;2;1;4;1;2;1;7;6;2;1;1;1
148;3640;5;2;1;4;2;1;1;2;2;1;1;2;1
149;3770;4;4;2;0;1;0;1;7;7;2;0;0;0
150;3869;3;4;1;4;2;2;2;2;2;1;1;2;1
150;3750;5;4;1;1;1;1;2;4;4;1;1;2;1
150;3743;3;3;2;3;1;1;2;2;2;1;1;1;1
150;3751;5;4;2;1;1;1;1;4;2;1;1;1;1
152;3869;4;4;1;4;2;2;2;2;2;1;1;1;1
156;3751;5;3;1;1;1;1;4;2;4;1;1;1;1
157;73;3;3;2;3;1;2;2;2;2;1;1;2;2
157;89;4;3;2;3;1;2;2;7;7;2;1;2;2
157;90;3;3;1;3;1;2;1;7;7;1;1;2;1
157;91;4;3;1;3;1;2;1;1;7;1;1;2;2
157;3911;4;4;2;3;1;1;1;3;6;2;1;2;1
157;3912;5;2;1;4;1;1;2;2;2;1;1;1;1
157;3913;3;3;1;1;1;1;1;7;7;2;1;1;2
157;3548;5;2;2;3;1;5;7;2;2;1;1;1;1
157;2143;5;3;2;3;1;5;7;7;7;2;1;1;2
157;3737;4;3;2;2;1;1;7;2;1;2;1;1;1
157;3914;4;3;2;1;1;5;7;2;1;1;1;1;1
157;3536;4;2;1;3;1;5;4;2;2;1;1;1;1
157;3538;2;3;1;4;1;5;1;7;7;2;1;1;1
157;3923;3;3;2;1;1;1;7;7;7;2;1;1;1
157;216;5;3;1;1;1;1;2;2;2;2;1;2;1
157;3946;5;3;2;1;1;5;7;2;2;1;1;1;1
157;3947;2;3;1;1;1;1;2;7;7;1;1;2;1
157;3953;3;3;2;1;1;5;1;1;7;1;1;1;2
157;3320;4;4;2;1;1;5;1;3;6;2;1;1;1
157;3667;3;2;2;1;1;2;2;7;4;1;1;1;1
157;3743;3;3;2;3;1;1;2;2;7;1;2;1;1
157;4076;3;3;2;3;1;1;2;7;7;1;2;1;2
157;3649;5;3;1;3;1;1;2;2;2;1;1;1;2
161;47;4;3;2;4;2;2;2;2;4;1;1;1;1
161;3940;4;4;1;1;1;1;1;2;5;1;1;1;2
161;212;5;2;2;2;2;1;3;2;4;1;1;1;1
167;3219;5;3;2;2;1;1;3;7;2;1;1;1;2
167;248;5;4;1;2;1;1;1;7;7;1;1;1;2
167;3976;4;3;1;1;1;0;2;2;2;1;1;1;1
167;218;5;3;1;1;1;1;2;2;2;1;1;1;1
167;3977;5;3;1;1;1;1;2;2;3;1;1;1;1
167;212;5;3;1;1;2;1;3;2;3;1;1;1;1
167;2677;4;3;1;1;2;1;3;3;2;2;1;1;1
171;3980;4;3;2;1;2;2;3;2;2;1;1;2;1
179;3600;4;2;1;4;1;1;1;1;4;1;1;1;1
188;3753;5;3;1;3;1;5;1;4;7;2;1;1;1
188;3622;5;1;2;3;1;5;1;7;7;2;1;1;1
188;3376;5;2;2;3;1;1;1;1;1;1;1;1;2
188;2011;4;2;1;3;2;1;1;7;7;2;1;1;1
188;4086;2;3;1;2;2;1;3;7;7;2;1;2;1
188;91;3;3;2;3;1;5;1;7;7;2;1;1;1
190;4036;4;1;2;4;1;5;1;7;7;1;1;1;1
190;3726;4;3;2;0;2;0;3;2;2;2;1;1;1
190;78;4;4;2;4;1;0;1;2;7;1;1;2;2
190;230;5;0;0;0;0;0;0;7;7;2;0;0;0
190;149;4;3;0;0;0;0;0;7;7;2;0;0;0
190;3737;5;0;0;0;0;0;0;2;2;2;0;0;0
190;244;4;0;0;0;0;0;0;7;7;2;0;0;0
190;212;4;3;2;4;2;5;3;2;2;1;1;1;1
190;2713;5;0;0;0;0;0;0;7;7;2;0;0;0
190;3660;4;1;2;4;1;5;1;2;2;1;1;1;1