1.000000000000000000e+00;-1.322404371584699589e+00
2.000000000000000000e+00;-8.224043715846995894e-01
3.000000000000000000e+00;-3.224043715846995894e-01
4.000000000000000000e+00;1.775956284153004106e-01
5.000000000000000000e+00;-8.224043715846995894e-01
6.000000000000000000e+00;1.775956284153004106e-01
7.000000000000000000e+00;-8.224043715846995894e-01
8.000000000000000000e+00;1.177595628415300411e+00
9.000000000000000000e+00;1.775956284153004106e-01
1.100000000000000000e+01;1.775956284153004106e-01
1.200000000000000000e+01;1.177595628415300411e+00
1.300000000000000000e+01;-5.724043715846995894e-01
1.400000000000000000e+01;1.775956284153004106e-01
1.500000000000000000e+01;1.775956284153004106e-01
1.600000000000000000e+01;-8.224043715846995894e-01
1.700000000000000000e+01;1.775956284153004106e-01
1.800000000000000000e+01;-4.890710382513661081e-01
1.900000000000000000e+01;-1.822404371584699589e+00
2.000000000000000000e+01;-8.224043715846995894e-01
2.100000000000000000e+01;1.775956284153004106e-01
2.200000000000000000e+01;-2.822404371584699589e+00
2.300000000000000000e+01;-2.822404371584699589e+00
2.400000000000000000e+01;-8.224043715846995894e-01
2.500000000000000000e+01;1.775956284153004106e-01
2.600000000000000000e+01;6.775956284153004106e-01
2.700000000000000000e+01;1.775956284153004106e-01
2.800000000000000000e+01;-8.224043715846995894e-01
2.900000000000000000e+01;1.775956284153004106e-01
3.000000000000000000e+01;-1.557377049180330708e-01
3.100000000000000000e+01;1.775956284153004106e-01
3.200000000000000000e+01;-3.224043715846995894e-01
3.300000000000000000e+01;-4.890710382513661081e-01
3.400000000000000000e+01;5.109289617486334478e-01
3.500000000000000000e+01;1.775956284153004106e-01
3.600000000000000000e+01;-8.224043715846995894e-01
3.700000000000000000e+01;1.177595628415300411e+00
3.800000000000000000e+01;6.775956284153004106e-01
3.900000000000000000e+01;1.775956284153004106e-01
4.000000000000000000e+01;1.775956284153004106e-01
4.100000000000000000e+01;1.775956284153004106e-01
4.200000000000000000e+01;-4.890710382513661081e-01
4.300000000000000000e+01;-8.224043715846995894e-01
4.400000000000000000e+01;1.177595628415300411e+00
4.500000000000000000e+01;1.177595628415300411e+00
4.600000000000000000e+01;-8.224043715846995894e-01
4.700000000000000000e+01;5.109289617486334478e-01
4.800000000000000000e+01;-1.322404371584699589e+00
4.900000000000000000e+01;-4.890710382513661081e-01
5.000000000000000000e+01;-8.224043715846995894e-01
5.100000000000000000e+01;1.775956284153004106e-01
5.200000000000000000e+01;-1.557377049180330708e-01
5.300000000000000000e+01;1.775956284153004106e-01
5.400000000000000000e+01;-5.724043715846995894e-01
5.500000000000000000e+01;-8.224043715846995894e-01
5.600000000000000000e+01;-1.822404371584699589e+00
5.700000000000000000e+01;1.177595628415300411e+00
5.800000000000000000e+01;-1.155737704918033071e+00
5.900000000000000000e+01;-1.822404371584699589e+00
6.000000000000000000e+01;-8.224043715846995894e-01
6.100000000000000000e+01;-1.572404371584699589e+00
6.200000000000000000e+01;1.775956284153004106e-01
6.300000000000000000e+01;6.775956284153004106e-01
6.400000000000000000e+01;-8.224043715846995894e-01
6.500000000000000000e+01;1.775956284153004106e-01
6.600000000000000000e+01;-8.224043715846995894e-01
6.700000000000000000e+01;-8.224043715846995894e-01
6.800000000000000000e+01;1.775956284153004106e-01
6.900000000000000000e+01;-8.224043715846995894e-01
7.000000000000000000e+01;1.775956284153004106e-01
7.100000000000000000e+01;-1.822404371584699589e+00
7.200000000000000000e+01;1.775956284153004106e-01
7.300000000000000000e+01;-4.890710382513661081e-01
7.400000000000000000e+01;1.775956284153004106e-01
7.500000000000000000e+01;-8.224043715846995894e-01
7.600000000000000000e+01;1.177595628415300411e+00
7.700000000000000000e+01;1.775956284153004106e-01
7.800000000000000000e+01;8.442622950819673733e-01
7.900000000000000000e+01;-4.890710382513661081e-01
8.000000000000000000e+01;-8.224043715846995894e-01
8.100000000000000000e+01;1.177595628415300411e+00
8.200000000000000000e+01;1.177595628415300411e+00
8.300000000000000000e+01;1.775956284153004106e-01
8.400000000000000000e+01;1.775956284153004106e-01
8.500000000000000000e+01;-3.224043715846995894e-01
8.600000000000000000e+01;-4.890710382513661081e-01
8.700000000000000000e+01;-1.822404371584699589e+00
8.800000000000000000e+01;-8.224043715846995894e-01
8.900000000000000000e+01;1.775956284153004106e-01
9.000000000000000000e+01;-8.224043715846995894e-01
9.100000000000000000e+01;-3.224043715846995894e-01
9.200000000000000000e+01;-8.224043715846995894e-01
9.300000000000000000e+01;-8.224043715846995894e-01
9.400000000000000000e+01;6.775956284153004106e-01
9.500000000000000000e+01;1.775956284153004106e-01
9.600000000000000000e+01;-8.224043715846995894e-01
9.700000000000000000e+01;1.775956284153004106e-01
9.800000000000000000e+01;-8.224043715846995894e-01
9.900000000000000000e+01;1.775956284153004106e-01
1.000000000000000000e+02;1.177595628415300411e+00
1.010000000000000000e+02;-1.322404371584699589e+00
1.020000000000000000e+02;1.775956284153004106e-01
1.030000000000000000e+02;-8.224043715846995894e-01
1.040000000000000000e+02;-8.224043715846995894e-01
1.050000000000000000e+02;-8.224043715846995894e-01
1.060000000000000000e+02;6.775956284153004106e-01
1.070000000000000000e+02;-8.224043715846995894e-01
1.080000000000000000e+02;-1.322404371584699589e+00
1.090000000000000000e+02;5.109289617486334478e-01
1.100000000000000000e+02;1.775956284153004106e-01
1.110000000000000000e+02;1.775956284153004106e-01
1.120000000000000000e+02;1.775956284153004106e-01
1.130000000000000000e+02;-4.890710382513661081e-01
1.140000000000000000e+02;-8.224043715846995894e-01
1.150000000000000000e+02;8.442622950819673733e-01
1.160000000000000000e+02;-8.224043715846995894e-01
1.170000000000000000e+02;1.177595628415300411e+00
1.180000000000000000e+02;1.177595628415300411e+00
1.190000000000000000e+02;-1.822404371584699589e+00
1.200000000000000000e+02;1.177595628415300411e+00
1.210000000000000000e+02;-1.822404371584699589e+00
1.220000000000000000e+02;8.442622950819673733e-01
1.230000000000000000e+02;-3.224043715846995894e-01
1.240000000000000000e+02;-4.890710382513661081e-01
1.250000000000000000e+02;-8.224043715846995894e-01
1.260000000000000000e+02;1.775956284153004106e-01
1.270000000000000000e+02;-1.322404371584699589e+00
1.280000000000000000e+02;1.177595628415300411e+00
1.290000000000000000e+02;1.775956284153004106e-01
1.300000000000000000e+02;1.775956284153004106e-01
1.310000000000000000e+02;8.442622950819673733e-01
1.320000000000000000e+02;1.775956284153004106e-01
1.330000000000000000e+02;-8.224043715846995894e-01
1.340000000000000000e+02;-1.822404371584699589e+00
1.350000000000000000e+02;6.775956284153004106e-01
1.360000000000000000e+02;-1.489071038251366108e+00
1.370000000000000000e+02;-8.224043715846995894e-01
1.380000000000000000e+02;1.177595628415300411e+00
1.390000000000000000e+02;1.775956284153004106e-01
1.400000000000000000e+02;-8.224043715846995894e-01
1.410000000000000000e+02;8.442622950819673733e-01
1.420000000000000000e+02;-1.557377049180330708e-01
1.430000000000000000e+02;-3.224043715846995894e-01
1.440000000000000000e+02;1.775956284153004106e-01
1.450000000000000000e+02;1.775956284153004106e-01
1.460000000000000000e+02;-3.224043715846995894e-01
1.470000000000000000e+02;1.775956284153004106e-01
1.480000000000000000e+02;1.775956284153004106e-01
1.490000000000000000e+02;6.775956284153004106e-01
1.500000000000000000e+02;1.177595628415300411e+00
1.510000000000000000e+02;1.177595628415300411e+00
1.520000000000000000e+02;1.177595628415300411e+00
1.530000000000000000e+02;-8.224043715846995894e-01
1.540000000000000000e+02;-1.822404371584699589e+00
1.550000000000000000e+02;-8.224043715846995894e-01
1.560000000000000000e+02;5.109289617486334478e-01
1.570000000000000000e+02;-8.224043715846995894e-01
1.580000000000000000e+02;-8.224043715846995894e-01
1.590000000000000000e+02;1.775956284153004106e-01
1.600000000000000000e+02;-1.822404371584699589e+00
1.610000000000000000e+02;1.177595628415300411e+00
1.620000000000000000e+02;6.775956284153004106e-01
1.630000000000000000e+02;-1.822404371584699589e+00
1.640000000000000000e+02;1.177595628415300411e+00
1.650000000000000000e+02;8.442622950819673733e-01
1.660000000000000000e+02;6.775956284153004106e-01
1.670000000000000000e+02;6.775956284153004106e-01
1.680000000000000000e+02;-8.224043715846995894e-01
1.690000000000000000e+02;-8.224043715846995894e-01
1.700000000000000000e+02;-1.822404371584699589e+00
1.710000000000000000e+02;1.177595628415300411e+00
1.720000000000000000e+02;1.177595628415300411e+00
1.730000000000000000e+02;1.775956284153004106e-01
1.740000000000000000e+02;1.775956284153004106e-01
1.750000000000000000e+02;-1.557377049180330708e-01
1.760000000000000000e+02;1.775956284153004106e-01
1.770000000000000000e+02;1.775956284153004106e-01
1.780000000000000000e+02;-1.557377049180330708e-01
1.790000000000000000e+02;-1.822404371584699589e+00
1.800000000000000000e+02;1.775956284153004106e-01
1.810000000000000000e+02;1.177595628415300411e+00
1.820000000000000000e+02;1.775956284153004106e-01
1.830000000000000000e+02;1.775956284153004106e-01
1.840000000000000000e+02;-1.155737704918033071e+00
1.850000000000000000e+02;1.775956284153004106e-01
1.860000000000000000e+02;1.177595628415300411e+00
1.870000000000000000e+02;-1.822404371584699589e+00
1.880000000000000000e+02;-8.224043715846995894e-01
1.890000000000000000e+02;1.775956284153004106e-01
1.900000000000000000e+02;-1.557377049180330708e-01
1.910000000000000000e+02;5.109289617486334478e-01
1.920000000000000000e+02;5.109289617486334478e-01
1.930000000000000000e+02;-3.224043715846995894e-01
1.940000000000000000e+02;-3.224043715846995894e-01
1.950000000000000000e+02;1.177595628415300411e+00
1.960000000000000000e+02;1.177595628415300411e+00
1.970000000000000000e+02;1.177595628415300411e+00
1.980000000000000000e+02;-8.224043715846995894e-01
1.990000000000000000e+02;-1.155737704918033071e+00
2.000000000000000000e+02;1.177595628415300411e+00
2.010000000000000000e+02;8.442622950819673733e-01
2.020000000000000000e+02;-1.822404371584699589e+00
2.030000000000000000e+02;-8.224043715846995894e-01
2.040000000000000000e+02;1.775956284153004106e-01
2.050000000000000000e+02;-8.224043715846995894e-01
2.060000000000000000e+02;1.177595628415300411e+00
2.070000000000000000e+02;1.177595628415300411e+00
2.080000000000000000e+02;-8.224043715846995894e-01
2.090000000000000000e+02;1.775956284153004106e-01
2.100000000000000000e+02;-8.224043715846995894e-01
2.110000000000000000e+02;1.775956284153004106e-01
2.120000000000000000e+02;6.775956284153004106e-01
2.130000000000000000e+02;-8.224043715846995894e-01
2.140000000000000000e+02;-8.224043715846995894e-01
2.150000000000000000e+02;-8.224043715846995894e-01
2.160000000000000000e+02;6.775956284153004106e-01
2.170000000000000000e+02;1.177595628415300411e+00
2.180000000000000000e+02;6.775956284153004106e-01
2.190000000000000000e+02;1.775956284153004106e-01
2.200000000000000000e+02;6.775956284153004106e-01
2.210000000000000000e+02;-8.224043715846995894e-01
2.220000000000000000e+02;-1.822404371584699589e+00
2.230000000000000000e+02;1.177595628415300411e+00
2.240000000000000000e+02;-8.224043715846995894e-01
2.250000000000000000e+02;1.775956284153004106e-01
2.260000000000000000e+02;1.775956284153004106e-01
2.270000000000000000e+02;-1.822404371584699589e+00
2.280000000000000000e+02;-3.224043715846995894e-01
2.290000000000000000e+02;-1.822404371584699589e+00
2.300000000000000000e+02;5.775956284153007658e-01
2.310000000000000000e+02;1.177595628415300411e+00
2.320000000000000000e+02;-1.822404371584699589e+00
2.330000000000000000e+02;1.775956284153004106e-01
2.340000000000000000e+02;1.177595628415300411e+00
2.350000000000000000e+02;-8.224043715846995894e-01
2.360000000000000000e+02;1.177595628415300411e+00
2.370000000000000000e+02;1.177595628415300411e+00
2.380000000000000000e+02;-2.322404371584699589e+00
2.390000000000000000e+02;-8.224043715846995894e-01
2.400000000000000000e+02;1.775956284153004106e-01
2.410000000000000000e+02;5.109289617486334478e-01
2.420000000000000000e+02;1.775956284153004106e-01
2.430000000000000000e+02;-1.822404371584699589e+00
2.440000000000000000e+02;6.775956284153004106e-01
2.450000000000000000e+02;6.775956284153004106e-01
2.460000000000000000e+02;1.177595628415300411e+00
2.470000000000000000e+02;-1.322404371584699589e+00
2.480000000000000000e+02;1.177595628415300411e+00
2.490000000000000000e+02;1.177595628415300411e+00
2.500000000000000000e+02;1.177595628415300411e+00
2.510000000000000000e+02;-1.822404371584699589e+00
2.520000000000000000e+02;-8.224043715846995894e-01
2.530000000000000000e+02;-1.557377049180330708e-01
2.540000000000000000e+02;-2.822404371584699589e+00
2.550000000000000000e+02;1.775956284153004106e-01
1.889000000000000000e+03;1.177595628415300411e+00
1.905000000000000000e+03;-8.224043715846995894e-01
1.938000000000000000e+03;1.177595628415300411e+00
1.953000000000000000e+03;-8.224043715846995894e-01
1.974000000000000000e+03;1.775956284153004106e-01
1.983000000000000000e+03;1.177595628415300411e+00
2.011000000000000000e+03;1.775956284153004106e-01
2.015000000000000000e+03;1.775956284153004106e-01
2.021000000000000000e+03;1.775956284153004106e-01
2.086000000000000000e+03;1.775956284153004106e-01
2.141000000000000000e+03;1.177595628415300411e+00
2.143000000000000000e+03;1.177595628415300411e+00
2.205000000000000000e+03;-2.822404371584699589e+00
2.234000000000000000e+03;-8.224043715846995894e-01
2.248000000000000000e+03;1.775956284153004106e-01
2.271000000000000000e+03;-8.224043715846995894e-01
2.281000000000000000e+03;1.775956284153004106e-01
2.360000000000000000e+03;1.177595628415300411e+00
2.460000000000000000e+03;1.775956284153004106e-01
2.461000000000000000e+03;1.775956284153004106e-01
2.465000000000000000e+03;-8.224043715846995894e-01
2.489000000000000000e+03;1.775956284153004106e-01
2.491000000000000000e+03;1.775956284153004106e-01
2.509000000000000000e+03;1.177595628415300411e+00
2.523000000000000000e+03;-8.224043715846995894e-01
2.540000000000000000e+03;1.775956284153004106e-01
2.546000000000000000e+03;-8.224043715846995894e-01
2.592000000000000000e+03;1.177595628415300411e+00
2.611000000000000000e+03;-8.224043715846995894e-01
2.619000000000000000e+03;-8.224043715846995894e-01
2.623000000000000000e+03;1.177595628415300411e+00
2.628000000000000000e+03;1.177595628415300411e+00
2.646000000000000000e+03;1.775956284153004106e-01
2.651000000000000000e+03;1.177595628415300411e+00
2.661000000000000000e+03;1.775956284153004106e-01
2.668000000000000000e+03;1.177595628415300411e+00
2.677000000000000000e+03;1.775956284153004106e-01
2.679000000000000000e+03;1.775956284153004106e-01
2.713000000000000000e+03;1.177595628415300411e+00
2.716000000000000000e+03;1.775956284153004106e-01
2.717000000000000000e+03;1.775956284153004106e-01
2.725000000000000000e+03;-3.224043715846995894e-01
2.755000000000000000e+03;1.775956284153004106e-01
2.835000000000000000e+03;-8.224043715846995894e-01
2.902000000000000000e+03;1.775956284153004106e-01
2.903000000000000000e+03;1.177595628415300411e+00
2.978000000000000000e+03;1.177595628415300411e+00
2.986000000000000000e+03;-8.224043715846995894e-01
2.994000000000000000e+03;6.775956284153004106e-01
3.000000000000000000e+03;1.177595628415300411e+00
3.005000000000000000e+03;-8.224043715846995894e-01
3.029000000000000000e+03;1.775956284153004106e-01
3.030000000000000000e+03;1.775956284153004106e-01
3.032000000000000000e+03;1.177595628415300411e+00
3.098000000000000000e+03;1.177595628415300411e+00
3.116000000000000000e+03;6.775956284153004106e-01
3.177000000000000000e+03;1.177595628415300411e+00
3.187000000000000000e+03;1.775956284153004106e-01
3.188000000000000000e+03;1.177595628415300411e+00
3.191000000000000000e+03;1.177595628415300411e+00
3.219000000000000000e+03;1.177595628415300411e+00
3.222000000000000000e+03;1.177595628415300411e+00
3.242000000000000000e+03;1.775956284153004106e-01
3.252000000000000000e+03;1.775956284153004106e-01
3.304000000000000000e+03;1.775956284153004106e-01
3.312000000000000000e+03;-8.224043715846995894e-01
3.313000000000000000e+03;1.177595628415300411e+00
3.320000000000000000e+03;1.775956284153004106e-01
3.347000000000000000e+03;1.177595628415300411e+00
3.376000000000000000e+03;1.177595628415300411e+00
3.443000000000000000e+03;1.775956284153004106e-01
3.501000000000000000e+03;-8.224043715846995894e-01
3.504000000000000000e+03;1.177595628415300411e+00
3.505000000000000000e+03;1.177595628415300411e+00
3.506000000000000000e+03;-8.224043715846995894e-01
3.507000000000000000e+03;6.775956284153004106e-01
3.508000000000000000e+03;1.775956284153004106e-01
3.509000000000000000e+03;-1.322404371584699589e+00
3.510000000000000000e+03;4.275956284153004106e-01
3.511000000000000000e+03;1.177595628415300411e+00
3.512000000000000000e+03;1.177595628415300411e+00
3.513000000000000000e+03;-1.822404371584699589e+00
3.514000000000000000e+03;-8.224043715846995894e-01
3.515000000000000000e+03;1.775956284153004106e-01
3.516000000000000000e+03;-3.224043715846995894e-01
3.517000000000000000e+03;-1.822404371584699589e+00
3.518000000000000000e+03;1.775956284153004106e-01
3.519000000000000000e+03;1.775956284153004106e-01
3.520000000000000000e+03;1.775956284153004106e-01
3.521000000000000000e+03;-8.224043715846995894e-01
3.522000000000000000e+03;1.775956284153004106e-01
3.523000000000000000e+03;-8.224043715846995894e-01
3.524000000000000000e+03;-8.224043715846995894e-01
3.525000000000000000e+03;1.177595628415300411e+00
3.526000000000000000e+03;1.177595628415300411e+00
3.527000000000000000e+03;1.775956284153004106e-01
3.528000000000000000e+03;-8.224043715846995894e-01
3.529000000000000000e+03;1.177595628415300411e+00
3.530000000000000000e+03;1.775956284153004106e-01
3.531000000000000000e+03;1.177595628415300411e+00
3.532000000000000000e+03;-2.822404371584699589e+00
3.533000000000000000e+03;1.177595628415300411e+00
3.534000000000000000e+03;-8.224043715846995894e-01
3.535000000000000000e+03;1.775956284153004106e-01
3.536000000000000000e+03;1.775956284153004106e-01
3.537000000000000000e+03;1.775956284153004106e-01
3.538000000000000000e+03;-1.322404371584699589e+00
3.539000000000000000e+03;1.177595628415300411e+00
3.540000000000000000e+03;1.775956284153004106e-01
3.541000000000000000e+03;1.177595628415300411e+00
3.542000000000000000e+03;-8.224043715846995894e-01
3.543000000000000000e+03;1.177595628415300411e+00
3.544000000000000000e+03;-1.822404371584699589e+00
3.545000000000000000e+03;4.275956284153004106e-01
3.546000000000000000e+03;6.775956284153004106e-01
3.547000000000000000e+03;1.177595628415300411e+00
3.548000000000000000e+03;1.177595628415300411e+00
3.549000000000000000e+03;1.177595628415300411e+00
3.550000000000000000e+03;1.775956284153004106e-01
3.551000000000000000e+03;-3.224043715846995894e-01
3.552000000000000000e+03;1.775956284153004106e-01
3.553000000000000000e+03;1.775956284153004106e-01
3.554000000000000000e+03;6.775956284153004106e-01
3.555000000000000000e+03;1.775956284153004106e-01
3.556000000000000000e+03;1.177595628415300411e+00
3.557000000000000000e+03;-1.822404371584699589e+00
3.558000000000000000e+03;1.775956284153004106e-01
3.559000000000000000e+03;1.775956284153004106e-01
3.560000000000000000e+03;1.177595628415300411e+00
3.561000000000000000e+03;1.177595628415300411e+00
3.562000000000000000e+03;1.775956284153004106e-01
3.563000000000000000e+03;1.775956284153004106e-01
3.564000000000000000e+03;1.775956284153004106e-01
3.565000000000000000e+03;1.177595628415300411e+00
3.566000000000000000e+03;1.775956284153004106e-01
3.567000000000000000e+03;1.177595628415300411e+00
3.568000000000000000e+03;-8.224043715846995894e-01
3.569000000000000000e+03;-3.224043715846995894e-01
3.570000000000000000e+03;1.177595628415300411e+00
3.571000000000000000e+03;1.177595628415300411e+00
3.572000000000000000e+03;1.775956284153004106e-01
3.573000000000000000e+03;1.775956284153004106e-01
3.574000000000000000e+03;1.775956284153004106e-01
3.575000000000000000e+03;-8.224043715846995894e-01
3.576000000000000000e+03;1.775956284153004106e-01
3.577000000000000000e+03;-8.224043715846995894e-01
3.578000000000000000e+03;-8.224043715846995894e-01
3.579000000000000000e+03;3.442622950819673733e-01
3.580000000000000000e+03;1.775956284153004106e-01
3.581000000000000000e+03;1.177595628415300411e+00
3.582000000000000000e+03;-8.224043715846995894e-01
3.583000000000000000e+03;-8.224043715846995894e-01
3.584000000000000000e+03;1.775956284153004106e-01
3.585000000000000000e+03;-3.224043715846995894e-01
3.586000000000000000e+03;1.177595628415300411e+00
3.587000000000000000e+03;-8.224043715846995894e-01
3.588000000000000000e+03;1.775956284153004106e-01
3.589000000000000000e+03;-3.224043715846995894e-01
3.590000000000000000e+03;6.775956284153004106e-01
3.591000000000000000e+03;-1.822404371584699589e+00
3.592000000000000000e+03;1.775956284153004106e-01
3.593000000000000000e+03;1.775956284153004106e-01
3.594000000000000000e+03;-8.224043715846995894e-01
3.595000000000000000e+03;-1.822404371584699589e+00
3.596000000000000000e+03;1.177595628415300411e+00
3.597000000000000000e+03;-1.822404371584699589e+00
3.598000000000000000e+03;1.775956284153004106e-01
3.599000000000000000e+03;-1.557377049180330708e-01
3.600000000000000000e+03;-8.224043715846995894e-01
3.601000000000000000e+03;1.775956284153004106e-01
3.602000000000000000e+03;-8.224043715846995894e-01
3.603000000000000000e+03;-8.224043715846995894e-01
3.604000000000000000e+03;-8.224043715846995894e-01
3.605000000000000000e+03;1.775956284153004106e-01
3.606000000000000000e+03;1.177595628415300411e+00
3.607000000000000000e+03;1.177595628415300411e+00
3.608000000000000000e+03;1.775956284153004106e-01
3.609000000000000000e+03;1.775956284153004106e-01
3.610000000000000000e+03;9.275956284153004106e-01
3.611000000000000000e+03;-4.890710382513661081e-01
3.612000000000000000e+03;1.775956284153004106e-01
3.613000000000000000e+03;4.275956284153004106e-01
3.614000000000000000e+03;-2.822404371584699589e+00
3.615000000000000000e+03;1.775956284153004106e-01
3.616000000000000000e+03;-1.822404371584699589e+00
3.617000000000000000e+03;1.775956284153004106e-01
3.618000000000000000e+03;-8.224043715846995894e-01
3.619000000000000000e+03;1.177595628415300411e+00
3.620000000000000000e+03;6.775956284153004106e-01
3.621000000000000000e+03;-8.224043715846995894e-01
3.622000000000000000e+03;6.775956284153004106e-01
3.623000000000000000e+03;1.775956284153004106e-01
3.624000000000000000e+03;1.775956284153004106e-01
3.625000000000000000e+03;-4.890710382513661081e-01
3.626000000000000000e+03;-8.224043715846995894e-01
3.627000000000000000e+03;1.775956284153004106e-01
3.628000000000000000e+03;1.775956284153004106e-01
3.629000000000000000e+03;-3.224043715846995894e-01
3.630000000000000000e+03;-6.224043715846994118e-01
3.631000000000000000e+03;-8.224043715846995894e-01
3.632000000000000000e+03;1.177595628415300411e+00
3.633000000000000000e+03;1.177595628415300411e+00
3.634000000000000000e+03;1.775956284153004106e-01
3.635000000000000000e+03;1.177595628415300411e+00
3.636000000000000000e+03;-8.224043715846995894e-01
3.637000000000000000e+03;-3.224043715846995894e-01
3.638000000000000000e+03;-1.822404371584699589e+00
3.639000000000000000e+03;1.775956284153004106e-01
3.640000000000000000e+03;1.775956284153004106e-01
3.641000000000000000e+03;-8.224043715846995894e-01
3.642000000000000000e+03;8.442622950819673733e-01
3.643000000000000000e+03;5.109289617486334478e-01
3.644000000000000000e+03;-3.224043715846995894e-01
3.645000000000000000e+03;-8.224043715846995894e-01
3.646000000000000000e+03;1.177595628415300411e+00
3.647000000000000000e+03;-8.224043715846995894e-01
3.649000000000000000e+03;6.775956284153004106e-01
3.650000000000000000e+03;1.775956284153004106e-01
3.651000000000000000e+03;-2.822404371584699589e+00
3.652000000000000000e+03;-8.224043715846995894e-01
3.653000000000000000e+03;1.775956284153004106e-01
3.654000000000000000e+03;-1.822404371584699589e+00
3.655000000000000000e+03;-8.224043715846995894e-01
3.656000000000000000e+03;6.775956284153004106e-01
3.657000000000000000e+03;-8.224043715846995894e-01
3.658000000000000000e+03;1.177595628415300411e+00
3.659000000000000000e+03;1.775956284153004106e-01
3.660000000000000000e+03;1.775956284153004106e-01
3.661000000000000000e+03;1.177595628415300411e+00
3.662000000000000000e+03;1.775956284153004106e-01
3.663000000000000000e+03;-1.822404371584699589e+00
3.664000000000000000e+03;6.775956284153004106e-01
3.665000000000000000e+03;-1.822404371584699589e+00
3.666000000000000000e+03;1.775956284153004106e-01
3.667000000000000000e+03;-1.489071038251366108e+00
3.668000000000000000e+03;-8.224043715846995894e-01
3.669000000000000000e+03;-2.822404371584699589e+00
3.670000000000000000e+03;1.775956284153004106e-01
3.671000000000000000e+03;1.775956284153004106e-01
3.672000000000000000e+03;1.775956284153004106e-01
3.673000000000000000e+03;-8.224043715846995894e-01
3.674000000000000000e+03;1.177595628415300411e+00
3.675000000000000000e+03;1.775956284153004106e-01
3.676000000000000000e+03;-8.224043715846995894e-01
3.677000000000000000e+03;-1.155737704918033071e+00
3.678000000000000000e+03;-1.557377049180330708e-01
3.679000000000000000e+03;1.775956284153004106e-01
3.680000000000000000e+03;-2.822404371584699589e+00
3.681000000000000000e+03;-8.224043715846995894e-01
3.682000000000000000e+03;1.775956284153004106e-01
3.683000000000000000e+03;1.775956284153004106e-01
3.684000000000000000e+03;1.775956284153004106e-01
3.685000000000000000e+03;1.177595628415300411e+00
3.686000000000000000e+03;1.775956284153004106e-01
3.687000000000000000e+03;-4.890710382513661081e-01
3.688000000000000000e+03;1.775956284153004106e-01
3.689000000000000000e+03;-8.224043715846995894e-01
3.690000000000000000e+03;-1.822404371584699589e+00
3.691000000000000000e+03;-3.224043715846995894e-01
3.692000000000000000e+03;1.775956284153004106e-01
3.693000000000000000e+03;-3.224043715846995894e-01
3.694000000000000000e+03;1.775956284153004106e-01
3.695000000000000000e+03;-4.890710382513661081e-01
3.696000000000000000e+03;1.177595628415300411e+00
3.697000000000000000e+03;1.775956284153004106e-01
3.698000000000000000e+03;1.775956284153004106e-01
3.699000000000000000e+03;1.177595628415300411e+00
3.700000000000000000e+03;1.177595628415300411e+00
3.701000000000000000e+03;1.177595628415300411e+00
3.702000000000000000e+03;1.775956284153004106e-01
3.703000000000000000e+03;8.442622950819673733e-01
3.704000000000000000e+03;1.775956284153004106e-01
3.705000000000000000e+03;-1.822404371584699589e+00
3.706000000000000000e+03;1.177595628415300411e+00
3.707000000000000000e+03;1.177595628415300411e+00
3.708000000000000000e+03;1.177595628415300411e+00
3.709000000000000000e+03;1.177595628415300411e+00
3.710000000000000000e+03;-4.890710382513661081e-01
3.711000000000000000e+03;-1.822404371584699589e+00
3.712000000000000000e+03;1.775956284153004106e-01
3.713000000000000000e+03;3.442622950819673733e-01
3.714000000000000000e+03;-1.557377049180330708e-01
3.715000000000000000e+03;-2.822404371584699589e+00
3.716000000000000000e+03;5.109289617486334478e-01
3.717000000000000000e+03;1.177595628415300411e+00
3.718000000000000000e+03;1.177595628415300411e+00
3.719000000000000000e+03;-8.224043715846995894e-01
3.720000000000000000e+03;-8.224043715846995894e-01
3.721000000000000000e+03;1.177595628415300411e+00
3.722000000000000000e+03;6.775956284153004106e-01
3.723000000000000000e+03;-8.224043715846995894e-01
3.724000000000000000e+03;1.775956284153004106e-01
3.725000000000000000e+03;-7.240437158469958945e-02
3.726000000000000000e+03;9.775956284153002329e-01
3.727000000000000000e+03;1.775956284153004106e-01
3.728000000000000000e+03;6.775956284153004106e-01
3.729000000000000000e+03;1.177595628415300411e+00
3.730000000000000000e+03;1.177595628415300411e+00
3.731000000000000000e+03;1.775956284153004106e-01
3.732000000000000000e+03;1.775956284153004106e-01
3.733000000000000000e+03;-8.224043715846995894e-01
3.734000000000000000e+03;1.177595628415300411e+00
3.735000000000000000e+03;9.275956284153004106e-01
3.736000000000000000e+03;-8.224043715846995894e-01
3.737000000000000000e+03;5.109289617486334478e-01
3.738000000000000000e+03;-8.224043715846995894e-01
3.739000000000000000e+03;1.775956284153004106e-01
3.740000000000000000e+03;-1.322404371584699589e+00
3.741000000000000000e+03;1.775956284153004106e-01
3.742000000000000000e+03;-2.822404371584699589e+00
3.743000000000000000e+03;-5.724043715846995894e-01
3.744000000000000000e+03;1.775956284153004106e-01
3.745000000000000000e+03;1.775956284153004106e-01
3.746000000000000000e+03;1.177595628415300411e+00
3.747000000000000000e+03;1.177595628415300411e+00
3.748000000000000000e+03;-5.724043715846995894e-01
3.749000000000000000e+03;-8.224043715846995894e-01
3.750000000000000000e+03;6.775956284153004106e-01
3.751000000000000000e+03;-7.240437158469958945e-02
3.752000000000000000e+03;-8.224043715846995894e-01
3.753000000000000000e+03;1.177595628415300411e+00
3.754000000000000000e+03;-8.224043715846995894e-01
3.755000000000000000e+03;1.775956284153004106e-01
3.756000000000000000e+03;1.177595628415300411e+00
3.757000000000000000e+03;1.177595628415300411e+00
3.758000000000000000e+03;1.177595628415300411e+00
3.759000000000000000e+03;-8.224043715846995894e-01
3.760000000000000000e+03;1.177595628415300411e+00
3.761000000000000000e+03;1.775956284153004106e-01
3.762000000000000000e+03;1.775956284153004106e-01
3.763000000000000000e+03;1.775956284153004106e-01
3.764000000000000000e+03;1.177595628415300411e+00
3.765000000000000000e+03;-8.224043715846995894e-01
3.766000000000000000e+03;1.775956284153004106e-01
3.767000000000000000e+03;1.177595628415300411e+00
3.768000000000000000e+03;1.177595628415300411e+00
3.769000000000000000e+03;1.177595628415300411e+00
3.770000000000000000e+03;-4.890710382513661081e-01
3.771000000000000000e+03;1.177595628415300411e+00
3.772000000000000000e+03;1.775956284153004106e-01
3.773000000000000000e+03;1.177595628415300411e+00
3.774000000000000000e+03;1.177595628415300411e+00
3.775000000000000000e+03;1.177595628415300411e+00
3.776000000000000000e+03;-8.224043715846995894e-01
3.777000000000000000e+03;-8.224043715846995894e-01
3.778000000000000000e+03;-8.224043715846995894e-01
3.779000000000000000e+03;-8.224043715846995894e-01
3.780000000000000000e+03;-2.322404371584699589e+00
3.781000000000000000e+03;1.177595628415300411e+00
3.782000000000000000e+03;-3.224043715846995894e-01
3.783000000000000000e+03;1.177595628415300411e+00
3.784000000000000000e+03;1.775956284153004106e-01
3.785000000000000000e+03;1.775956284153004106e-01
3.786000000000000000e+03;1.177595628415300411e+00
3.787000000000000000e+03;5.775956284153007658e-01
3.788000000000000000e+03;-3.224043715846995894e-01
3.789000000000000000e+03;1.775956284153004106e-01
3.790000000000000000e+03;1.177595628415300411e+00
3.791000000000000000e+03;1.775956284153004106e-01
3.792000000000000000e+03;-8.224043715846995894e-01
3.793000000000000000e+03;1.775956284153004106e-01
3.794000000000000000e+03;1.177595628415300411e+00
3.795000000000000000e+03;-1.822404371584699589e+00
3.796000000000000000e+03;-8.224043715846995894e-01
3.797000000000000000e+03;1.775956284153004106e-01
3.798000000000000000e+03;-1.822404371584699589e+00
3.799000000000000000e+03;1.775956284153004106e-01
3.800000000000000000e+03;-8.224043715846995894e-01
3.801000000000000000e+03;1.775956284153004106e-01
3.802000000000000000e+03;1.177595628415300411e+00
3.803000000000000000e+03;1.775956284153004106e-01
3.804000000000000000e+03;1.775956284153004106e-01
3.805000000000000000e+03;-8.224043715846995894e-01
3.806000000000000000e+03;1.775956284153004106e-01
3.807000000000000000e+03;-3.224043715846995894e-01
3.808000000000000000e+03;-8.224043715846995894e-01
3.809000000000000000e+03;-2.822404371584699589e+00
3.810000000000000000e+03;1.177595628415300411e+00
3.811000000000000000e+03;1.177595628415300411e+00
3.812000000000000000e+03;1.177595628415300411e+00
3.813000000000000000e+03;1.177595628415300411e+00
3.814000000000000000e+03;1.177595628415300411e+00
3.815000000000000000e+03;1.775956284153004106e-01
3.816000000000000000e+03;1.177595628415300411e+00
3.817000000000000000e+03;1.177595628415300411e+00
3.818000000000000000e+03;1.775956284153004106e-01
3.819000000000000000e+03;1.775956284153004106e-01
3.820000000000000000e+03;1.177595628415300411e+00
3.821000000000000000e+03;1.775956284153004106e-01
3.822000000000000000e+03;6.775956284153004106e-01
3.823000000000000000e+03;1.775956284153004106e-01
3.824000000000000000e+03;-8.224043715846995894e-01
3.825000000000000000e+03;1.177595628415300411e+00
3.826000000000000000e+03;1.177595628415300411e+00
3.827000000000000000e+03;6.775956284153004106e-01
3.828000000000000000e+03;1.775956284153004106e-01
3.829000000000000000e+03;-8.224043715846995894e-01
3.830000000000000000e+03;1.177595628415300411e+00
3.831000000000000000e+03;1.177595628415300411e+00
3.832000000000000000e+03;1.775956284153004106e-01
3.833000000000000000e+03;-8.224043715846995894e-01
3.834000000000000000e+03;1.177595628415300411e+00
3.835000000000000000e+03;-8.224043715846995894e-01
3.836000000000000000e+03;1.775956284153004106e-01
3.837000000000000000e+03;1.775956284153004106e-01
3.838000000000000000e+03;1.775956284153004106e-01
3.839000000000000000e+03;-8.224043715846995894e-01
3.840000000000000000e+03;1.775956284153004106e-01
3.841000000000000000e+03;1.775956284153004106e-01
3.842000000000000000e+03;1.775956284153004106e-01
3.843000000000000000e+03;1.177595628415300411e+00
3.844000000000000000e+03;8.442622950819673733e-01
3.845000000000000000e+03;-1.822404371584699589e+00
3.846000000000000000e+03;-8.224043715846995894e-01
3.847000000000000000e+03;1.177595628415300411e+00
3.848000000000000000e+03;1.177595628415300411e+00
3.849000000000000000e+03;-3.224043715846995894e-01
3.850000000000000000e+03;1.177595628415300411e+00
3.851000000000000000e+03;1.177595628415300411e+00
3.852000000000000000e+03;1.775956284153004106e-01
3.853000000000000000e+03;-8.224043715846995894e-01
3.854000000000000000e+03;-1.557377049180330708e-01
3.855000000000000000e+03;-1.822404371584699589e+00
3.856000000000000000e+03;1.177595628415300411e+00
3.857000000000000000e+03;-8.224043715846995894e-01
3.858000000000000000e+03;1.775956284153004106e-01
3.859000000000000000e+03;1.177595628415300411e+00
3.860000000000000000e+03;1.775956284153004106e-01
3.861000000000000000e+03;1.775956284153004106e-01
3.862000000000000000e+03;1.775956284153004106e-01
3.863000000000000000e+03;1.775956284153004106e-01
3.864000000000000000e+03;1.775956284153004106e-01
3.865000000000000000e+03;-1.322404371584699589e+00
3.866000000000000000e+03;-8.224043715846995894e-01
3.867000000000000000e+03;1.775956284153004106e-01
3.868000000000000000e+03;1.775956284153004106e-01
3.869000000000000000e+03;-8.224043715846995894e-01
3.870000000000000000e+03;1.177595628415300411e+00
3.871000000000000000e+03;-8.224043715846995894e-01
3.873000000000000000e+03;1.177595628415300411e+00
3.874000000000000000e+03;5.109289617486334478e-01
3.875000000000000000e+03;-8.224043715846995894e-01
3.876000000000000000e+03;1.775956284153004106e-01
3.877000000000000000e+03;1.775956284153004106e-01
3.878000000000000000e+03;1.775956284153004106e-01
3.879000000000000000e+03;1.775956284153004106e-01
3.880000000000000000e+03;1.177595628415300411e+00
3.881000000000000000e+03;1.775956284153004106e-01
3.882000000000000000e+03;6.775956284153004106e-01
3.883000000000000000e+03;6.775956284153004106e-01
3.884000000000000000e+03;1.177595628415300411e+00
3.885000000000000000e+03;1.775956284153004106e-01
3.886000000000000000e+03;6.775956284153004106e-01
3.887000000000000000e+03;1.775956284153004106e-01
3.888000000000000000e+03;1.177595628415300411e+00
3.889000000000000000e+03;-8.224043715846995894e-01
3.890000000000000000e+03;1.177595628415300411e+00
3.891000000000000000e+03;1.177595628415300411e+00
3.892000000000000000e+03;1.775956284153004106e-01
3.893000000000000000e+03;1.775956284153004106e-01
3.894000000000000000e+03;1.775956284153004106e-01
3.895000000000000000e+03;1.775956284153004106e-01
3.896000000000000000e+03;-1.322404371584699589e+00
3.897000000000000000e+03;1.177595628415300411e+00
3.898000000000000000e+03;1.177595628415300411e+00
3.899000000000000000e+03;-8.224043715846995894e-01
3.900000000000000000e+03;-8.224043715846995894e-01
3.901000000000000000e+03;1.775956284153004106e-01
3.902000000000000000e+03;1.775956284153004106e-01
3.903000000000000000e+03;1.775956284153004106e-01
3.904000000000000000e+03;-8.224043715846995894e-01
3.905000000000000000e+03;1.177595628415300411e+00
3.906000000000000000e+03;6.775956284153004106e-01
3.907000000000000000e+03;-8.224043715846995894e-01
3.908000000000000000e+03;-8.224043715846995894e-01
3.909000000000000000e+03;-3.224043715846995894e-01
3.910000000000000000e+03;-8.224043715846995894e-01
3.911000000000000000e+03;1.775956284153004106e-01
3.912000000000000000e+03;1.177595628415300411e+00
3.913000000000000000e+03;-8.224043715846995894e-01
3.914000000000000000e+03;1.775956284153004106e-01
3.915000000000000000e+03;-8.224043715846995894e-01
3.916000000000000000e+03;1.775956284153004106e-01
3.917000000000000000e+03;1.775956284153004106e-01
3.918000000000000000e+03;1.775956284153004106e-01
3.919000000000000000e+03;1.775956284153004106e-01
3.920000000000000000e+03;1.177595628415300411e+00
3.921000000000000000e+03;-8.224043715846995894e-01
3.922000000000000000e+03;1.177595628415300411e+00
3.923000000000000000e+03;-3.224043715846995894e-01
3.924000000000000000e+03;-8.224043715846995894e-01
3.925000000000000000e+03;1.775956284153004106e-01
3.926000000000000000e+03;-2.240437158469976708e-02
3.927000000000000000e+03;-1.822404371584699589e+00
3.928000000000000000e+03;-1.822404371584699589e+00
3.929000000000000000e+03;1.775956284153004106e-01
3.930000000000000000e+03;1.177595628415300411e+00
3.931000000000000000e+03;1.775956284153004106e-01
3.932000000000000000e+03;1.177595628415300411e+00
3.933000000000000000e+03;1.775956284153004106e-01
3.934000000000000000e+03;1.177595628415300411e+00
3.935000000000000000e+03;-8.224043715846995894e-01
3.936000000000000000e+03;6.775956284153004106e-01
3.937000000000000000e+03;1.775956284153004106e-01
3.938000000000000000e+03;1.177595628415300411e+00
3.939000000000000000e+03;-1.822404371584699589e+00
3.940000000000000000e+03;1.775956284153004106e-01
3.941000000000000000e+03;-8.224043715846995894e-01
3.942000000000000000e+03;-8.224043715846995894e-01
3.943000000000000000e+03;1.177595628415300411e+00
3.944000000000000000e+03;1.775956284153004106e-01
3.945000000000000000e+03;-2.822404371584699589e+00
3.946000000000000000e+03;1.177595628415300411e+00
3.947000000000000000e+03;-1.822404371584699589e+00
3.948000000000000000e+03;-8.224043715846995894e-01
3.949000000000000000e+03;1.177595628415300411e+00
3.950000000000000000e+03;-2.224043715846995006e-01
3.951000000000000000e+03;-1.822404371584699589e+00
3.952000000000000000e+03;-3.224043715846995894e-01
3.953000000000000000e+03;-8.224043715846995894e-01
3.954000000000000000e+03;1.177595628415300411e+00
3.955000000000000000e+03;6.775956284153004106e-01
3.956000000000000000e+03;-8.224043715846995894e-01
3.957000000000000000e+03;-3.224043715846995894e-01
3.958000000000000000e+03;-1.155737704918033071e+00
3.959000000000000000e+03;-8.224043715846995894e-01
3.960000000000000000e+03;-1.822404371584699589e+00
3.961000000000000000e+03;-3.224043715846995894e-01
3.962000000000000000e+03;-8.224043715846995894e-01
3.963000000000000000e+03;-8.224043715846995894e-01
3.964000000000000000e+03;-8.224043715846995894e-01
3.965000000000000000e+03;1.775956284153004106e-01
3.966000000000000000e+03;-3.224043715846995894e-01
3.967000000000000000e+03;1.177595628415300411e+00
3.968000000000000000e+03;1.177595628415300411e+00
3.969000000000000000e+03;1.177595628415300411e+00
3.970000000000000000e+03;-2.822404371584699589e+00
3.971000000000000000e+03;1.177595628415300411e+00
3.972000000000000000e+03;1.775956284153004106e-01
3.973000000000000000e+03;1.177595628415300411e+00
3.974000000000000000e+03;1.177595628415300411e+00
3.975000000000000000e+03;1.177595628415300411e+00
3.976000000000000000e+03;1.775956284153004106e-01
3.977000000000000000e+03;1.177595628415300411e+00
3.978000000000000000e+03;1.775956284153004106e-01
3.979000000000000000e+03;-8.224043715846995894e-01
3.980000000000000000e+03;6.775956284153004106e-01
3.981000000000000000e+03;-8.224043715846995894e-01
3.982000000000000000e+03;1.775956284153004106e-01
3.983000000000000000e+03;-8.224043715846995894e-01
3.984000000000000000e+03;1.177595628415300411e+00
3.985000000000000000e+03;1.177595628415300411e+00
3.986000000000000000e+03;1.775956284153004106e-01
3.987000000000000000e+03;1.177595628415300411e+00
3.988000000000000000e+03;1.775956284153004106e-01
3.989000000000000000e+03;1.775956284153004106e-01
3.990000000000000000e+03;1.775956284153004106e-01
3.991000000000000000e+03;1.177595628415300411e+00
3.992000000000000000e+03;6.775956284153004106e-01
3.993000000000000000e+03;-8.224043715846995894e-01
3.994000000000000000e+03;1.775956284153004106e-01
3.995000000000000000e+03;1.775956284153004106e-01
3.996000000000000000e+03;1.775956284153004106e-01
3.997000000000000000e+03;1.775956284153004106e-01
3.998000000000000000e+03;1.775956284153004106e-01
3.999000000000000000e+03;-3.224043715846995894e-01
4.000000000000000000e+03;1.775956284153004106e-01
4.001000000000000000e+03;-1.822404371584699589e+00
4.002000000000000000e+03;1.775956284153004106e-01
4.003000000000000000e+03;9.275956284153004106e-01
4.004000000000000000e+03;6.775956284153004106e-01
4.005000000000000000e+03;-8.224043715846995894e-01
4.006000000000000000e+03;-8.224043715846995894e-01
4.007000000000000000e+03;1.775956284153004106e-01
4.008000000000000000e+03;-8.224043715846995894e-01
4.009000000000000000e+03;1.775956284153004106e-01
4.010000000000000000e+03;-8.224043715846995894e-01
4.011000000000000000e+03;-1.822404371584699589e+00
4.012000000000000000e+03;1.775956284153004106e-01
4.013000000000000000e+03;-2.822404371584699589e+00
4.014000000000000000e+03;-8.224043715846995894e-01
4.015000000000000000e+03;-1.822404371584699589e+00
4.016000000000000000e+03;1.177595628415300411e+00
4.017000000000000000e+03;1.775956284153004106e-01
4.018000000000000000e+03;1.775956284153004106e-01
4.019000000000000000e+03;-1.822404371584699589e+00
4.020000000000000000e+03;1.177595628415300411e+00
4.021000000000000000e+03;-8.224043715846995894e-01
4.022000000000000000e+03;1.775956284153004106e-01
4.023000000000000000e+03;1.177595628415300411e+00
4.024000000000000000e+03;1.177595628415300411e+00
4.025000000000000000e+03;1.177595628415300411e+00
4.026000000000000000e+03;-8.224043715846995894e-01
4.027000000000000000e+03;1.775956284153004106e-01
4.028000000000000000e+03;-8.224043715846995894e-01
4.029000000000000000e+03;1.775956284153004106e-01
4.030000000000000000e+03;1.177595628415300411e+00
4.031000000000000000e+03;1.775956284153004106e-01
4.032000000000000000e+03;-4.224043715846996783e-01
4.033000000000000000e+03;6.775956284153004106e-01
4.034000000000000000e+03;1.177595628415300411e+00
4.035000000000000000e+03;-8.224043715846995894e-01
4.036000000000000000e+03;1.775956284153004106e-01
4.037000000000000000e+03;1.177595628415300411e+00
4.038000000000000000e+03;-8.224043715846995894e-01
4.039000000000000000e+03;1.775956284153004106e-01
4.040000000000000000e+03;-8.224043715846995894e-01
4.041000000000000000e+03;1.775956284153004106e-01
4.042000000000000000e+03;-1.822404371584699589e+00
4.043000000000000000e+03;1.775956284153004106e-01
4.044000000000000000e+03;-8.224043715846995894e-01
4.045000000000000000e+03;1.177595628415300411e+00
4.046000000000000000e+03;1.775956284153004106e-01
4.047000000000000000e+03;-8.224043715846995894e-01
4.048000000000000000e+03;1.775956284153004106e-01
4.049000000000000000e+03;1.177595628415300411e+00
4.050000000000000000e+03;1.177595628415300411e+00
4.051000000000000000e+03;1.775956284153004106e-01
4.052000000000000000e+03;1.775956284153004106e-01
4.053000000000000000e+03;1.775956284153004106e-01
4.054000000000000000e+03;-7.240437158469958945e-02
4.055000000000000000e+03;1.775956284153004106e-01
4.056000000000000000e+03;1.177595628415300411e+00
4.057000000000000000e+03;-8.224043715846995894e-01
4.058000000000000000e+03;-1.822404371584699589e+00
4.059000000000000000e+03;1.775956284153004106e-01
4.060000000000000000e+03;-3.224043715846995894e-01
4.061000000000000000e+03;1.177595628415300411e+00
4.062000000000000000e+03;-8.224043715846995894e-01
4.063000000000000000e+03;1.775956284153004106e-01
4.064000000000000000e+03;-1.822404371584699589e+00
4.065000000000000000e+03;-8.224043715846995894e-01
4.066000000000000000e+03;-1.557377049180330708e-01
4.067000000000000000e+03;-1.822404371584699589e+00
4.068000000000000000e+03;1.177595628415300411e+00
4.069000000000000000e+03;1.775956284153004106e-01
4.070000000000000000e+03;8.442622950819673733e-01
4.071000000000000000e+03;-8.224043715846995894e-01
4.072000000000000000e+03;-2.822404371584699589e+00
4.073000000000000000e+03;1.775956284153004106e-01
4.074000000000000000e+03;-8.224043715846995894e-01
4.075000000000000000e+03;1.775956284153004106e-01
4.076000000000000000e+03;-8.224043715846995894e-01
4.077000000000000000e+03;1.775956284153004106e-01
4.078000000000000000e+03;-1.322404371584699589e+00
4.079000000000000000e+03;-2.822404371584699589e+00
4.080000000000000000e+03;-2.822404371584699589e+00
4.081000000000000000e+03;5.109289617486334478e-01
4.082000000000000000e+03;-2.822404371584699589e+00
4.083000000000000000e+03;1.775956284153004106e-01
4.084000000000000000e+03;1.177595628415300411e+00
4.085000000000000000e+03;1.775956284153004106e-01
4.086000000000000000e+03;-1.155737704918033071e+00
4.087000000000000000e+03;8.442622950819673733e-01
4.088000000000000000e+03;1.775956284153004106e-01
4.089000000000000000e+03;-8.224043715846995894e-01
4.090000000000000000e+03;1.775956284153004106e-01
4.091000000000000000e+03;-8.224043715846995894e-01
4.092000000000000000e+03;1.775956284153004106e-01
4.093000000000000000e+03;-1.822404371584699589e+00
4.094000000000000000e+03;-8.224043715846995894e-01
4.095000000000000000e+03;1.177595628415300411e+00
4.096000000000000000e+03;-2.822404371584699589e+00
4.097000000000000000e+03;6.775956284153004106e-01
4.098000000000000000e+03;-4.890710382513661081e-01
4.099000000000000000e+03;-8.224043715846995894e-01
4.100000000000000000e+03;-8.224043715846995894e-01
4.101000000000000000e+03;1.177595628415300411e+00
4.102000000000000000e+03;-3.224043715846995894e-01
4.103000000000000000e+03;-1.822404371584699589e+00
4.104000000000000000e+03;-8.224043715846995894e-01
4.105000000000000000e+03;-8.224043715846995894e-01
4.106000000000000000e+03;1.177595628415300411e+00
4.107000000000000000e+03;-1.822404371584699589e+00
4.108000000000000000e+03;1.775956284153004106e-01
4.109000000000000000e+03;1.775956284153004106e-01
4.110000000000000000e+03;1.775956284153004106e-01
4.111000000000000000e+03;1.177595628415300411e+00
4.112000000000000000e+03;1.775956284153004106e-01
4.113000000000000000e+03;1.177595628415300411e+00
4.114000000000000000e+03;1.775956284153004106e-01
4.115000000000000000e+03;1.177595628415300411e+00
4.116000000000000000e+03;-1.822404371584699589e+00
4.125000000000000000e+03;1.775956284153004106e-01
4.127000000000000000e+03;-2.822404371584699589e+00
4.128000000000000000e+03;1.775956284153004106e-01
4.130000000000000000e+03;1.775956284153004106e-01
4.131000000000000000e+03;1.775956284153004106e-01
4.132000000000000000e+03;-8.224043715846995894e-01
4.135000000000000000e+03;1.775956284153004106e-01
4.138000000000000000e+03;1.775956284153004106e-01
