0.000000000000000000e+00;0.000000000000000000e+00;0.000000000000000000e+00;0.000000000000000000e+00;0.000000000000000000e+00;0.000000000000000000e+00;0.000000000000000000e+00;0.000000000000000000e+00;0.000000000000000000e+00;0.000000000000000000e+00;0.000000000000000000e+00;0.000000000000000000e+00
-7.596899224806286099e-02;-4.333333333333333037e+00;-1.000000000000000000e+00;1.666666666666666075e+00;0.000000000000000000e+00;0.000000000000000000e+00;0.000000000000000000e+00;0.000000000000000000e+00;0.000000000000000000e+00;0.000000000000000000e+00;0.000000000000000000e+00;0.000000000000000000e+00
-6.666666666666666963e+00;-2.409302325581395898e+00;-2.409302325581395898e+00;3.333333333333333925e+00;0.000000000000000000e+00;0.000000000000000000e+00;0.000000000000000000e+00;0.000000000000000000e+00;0.000000000000000000e+00;0.000000000000000000e+00;0.000000000000000000e+00;0.000000000000000000e+00
9.240310077519371390e-01;9.240310077519371390e-01;-2.000000000000000000e+00;0.000000000000000000e+00;0.000000000000000000e+00;0.000000000000000000e+00;0.000000000000000000e+00;0.000000000000000000e+00;0.000000000000000000e+00;0.000000000000000000e+00;0.000000000000000000e+00;0.000000000000000000e+00
3.855694692903988141e-01;-4.711538461538461675e+00;-5.865384615384616751e-01;1.138461538461537970e+00;0.000000000000000000e+00;0.000000000000000000e+00;0.000000000000000000e+00;0.000000000000000000e+00;0.000000000000000000e+00;0.000000000000000000e+00;0.000000000000000000e+00;0.000000000000000000e+00
2.573643410852710645e-01;-7.333333333333333925e+00;2.573643410852710645e-01;1.166666666666666075e+00;0.000000000000000000e+00;0.000000000000000000e+00;0.000000000000000000e+00;0.000000000000000000e+00;0.000000000000000000e+00;0.000000000000000000e+00;0.000000000000000000e+00;0.000000000000000000e+00
1.324031007751937494e+00;1.324031007751937494e+00;-2.900000000000000355e+00;5.999999999999996447e-01;0.000000000000000000e+00;0.000000000000000000e+00;0.000000000000000000e+00;0.000000000000000000e+00;0.000000000000000000e+00;0.000000000000000000e+00;0.000000000000000000e+00;0.000000000000000000e+00
-4.575968992248062861e+00;-3.500000000000000000e+00;3.500000000000000000e+00;-4.575968992248062861e+00;0.000000000000000000e+00;0.000000000000000000e+00;0.000000000000000000e+00;0.000000000000000000e+00;0.000000000000000000e+00;0.000000000000000000e+00;0.000000000000000000e+00;0.000000000000000000e+00
-1.325968992248062861e+00;-6.250000000000000000e+00;5.833333333333339255e-01;3.583333333333333925e+00;0.000000000000000000e+00;0.000000000000000000e+00;0.000000000000000000e+00;0.000000000000000000e+00;0.000000000000000000e+00;0.000000000000000000e+00;0.000000000000000000e+00;0.000000000000000000e+00
1.014940098661028856e+00;1.014940098661028856e+00;-2.090909090909091717e+00;-4.755244755244767418e-01;0.000000000000000000e+00;0.000000000000000000e+00;0.000000000000000000e+00;0.000000000000000000e+00;0.000000000000000000e+00;0.000000000000000000e+00;0.000000000000000000e+00;0.000000000000000000e+00
-3.075968992248062861e+00;-2.250000000000000000e+00;-1.500000000000000000e+00;4.000000000000000000e+00;0.000000000000000000e+00;0.000000000000000000e+00;0.000000000000000000e+00;0.000000000000000000e+00;0.000000000000000000e+00;0.000000000000000000e+00;0.000000000000000000e+00;0.000000000000000000e+00
1.740310077519371390e-01;-5.250000000000000000e+00;-2.500000000000000000e-01;1.750000000000000000e+00;0.000000000000000000e+00;0.000000000000000000e+00;0.000000000000000000e+00;0.000000000000000000e+00;0.000000000000000000e+00;0.000000000000000000e+00;0.000000000000000000e+00;0.000000000000000000e+00
-1.075968992248062861e+00;-7.000000000000000000e+00;2.000000000000000000e+00;1.666666666666666075e+00;0.000000000000000000e+00;0.000000000000000000e+00;0.000000000000000000e+00;0.000000000000000000e+00;0.000000000000000000e+00;0.000000000000000000e+00;0.000000000000000000e+00;0.000000000000000000e+00
-4.361683277962348448e+00;-3.714285714285714413e+00;-2.142857142857135244e-01;-4.361683277962348448e+00;0.000000000000000000e+00;0.000000000000000000e+00;0.000000000000000000e+00;0.000000000000000000e+00;0.000000000000000000e+00;0.000000000000000000e+00;0.000000000000000000e+00;0.000000000000000000e+00
7.573643410852710645e-01;7.573643410852710645e-01;-3.333333333333333925e+00;1.166666666666666075e+00;0.000000000000000000e+00;0.000000000000000000e+00;0.000000000000000000e+00;0.000000000000000000e+00;0.000000000000000000e+00;0.000000000000000000e+00;0.000000000000000000e+00;0.000000000000000000e+00
-7.426356589147289355e-01;-6.333333333333333925e+00;-1.476190476190477163e+00;1.466666666666666785e+00;0.000000000000000000e+00;0.000000000000000000e+00;0.000000000000000000e+00;0.000000000000000000e+00;0.000000000000000000e+00;0.000000000000000000e+00;0.000000000000000000e+00;0.000000000000000000e+00
-8.093023255813953654e-01;-4.866666666666667140e+00;-1.433333333333334458e+00;1.266666666666665719e+00;0.000000000000000000e+00;0.000000000000000000e+00;0.000000000000000000e+00;0.000000000000000000e+00;0.000000000000000000e+00;0.000000000000000000e+00;0.000000000000000000e+00;0.000000000000000000e+00
9.906976744186035688e-01;-6.066666666666666430e+00;-5.666666666666664298e-01;7.619047619047591979e-02;0.000000000000000000e+00;0.000000000000000000e+00;0.000000000000000000e+00;0.000000000000000000e+00;0.000000000000000000e+00;0.000000000000000000e+00;0.000000000000000000e+00;0.000000000000000000e+00
1.000000000000000000e+00;-6.000000000000000000e+00;-1.500000000000000000e+00;1.000000000000000000e+00;0.000000000000000000e+00;0.000000000000000000e+00;0.000000000000000000e+00;0.000000000000000000e+00;0.000000000000000000e+00;0.000000000000000000e+00;0.000000000000000000e+00;0.000000000000000000e+00
-2.298191214470285182e+00;-3.777777777777777679e+00;1.111111111111124927e-01;2.622222222222221788e+00;0.000000000000000000e+00;0.000000000000000000e+00;0.000000000000000000e+00;0.000000000000000000e+00;0.000000000000000000e+00;0.000000000000000000e+00;0.000000000000000000e+00;0.000000000000000000e+00
2.990310077519371390e-01;-5.875000000000000000e+00;-1.946428571428571175e+00;6.250000000000000000e-01;0.000000000000000000e+00;0.000000000000000000e+00;0.000000000000000000e+00;0.000000000000000000e+00;0.000000000000000000e+00;0.000000000000000000e+00;0.000000000000000000e+00;0.000000000000000000e+00
-7.596899224806286099e-02;-7.596899224806286099e-02;-1.333333333333333037e+00;0.000000000000000000e+00;0.000000000000000000e+00;0.000000000000000000e+00;0.000000000000000000e+00;0.000000000000000000e+00;0.000000000000000000e+00;0.000000000000000000e+00;0.000000000000000000e+00;0.000000000000000000e+00
-1.559689922480629320e-01;-2.919999999999999929e+00;-1.219999999999999751e+00;7.163636363636367577e-01;0.000000000000000000e+00;0.000000000000000000e+00;0.000000000000000000e+00;0.000000000000000000e+00;0.000000000000000000e+00;0.000000000000000000e+00;0.000000000000000000e+00;0.000000000000000000e+00
2.333333333333333925e+00;-4.093023255813967864e-01;-9.999999999999982236e-01;1.333333333333346360e-01;0.000000000000000000e+00;0.000000000000000000e+00;0.000000000000000000e+00;0.000000000000000000e+00;0.000000000000000000e+00;0.000000000000000000e+00;0.000000000000000000e+00;0.000000000000000000e+00
-9.159689922480627189e-01;-4.493333333333334068e+00;-1.160000000000000142e+00;5.542857142857133823e-01;0.000000000000000000e+00;0.000000000000000000e+00;0.000000000000000000e+00;0.000000000000000000e+00;0.000000000000000000e+00;0.000000000000000000e+00;0.000000000000000000e+00;0.000000000000000000e+00
4.240310077519371390e-01;4.240310077519371390e-01;-5.000000000000000000e-01;1.666666666666660745e-01;0.000000000000000000e+00;0.000000000000000000e+00;0.000000000000000000e+00;0.000000000000000000e+00;0.000000000000000000e+00;0.000000000000000000e+00;0.000000000000000000e+00;0.000000000000000000e+00
-8.666666666666671404e-01;-5.366666666666667140e+00;-1.230303030303030454e+00;1.276190476190475209e+00;0.000000000000000000e+00;0.000000000000000000e+00;0.000000000000000000e+00;0.000000000000000000e+00;0.000000000000000000e+00;0.000000000000000000e+00;0.000000000000000000e+00;0.000000000000000000e+00
5.906976744186032136e-01;-4.666666666666666075e+00;-2.566666666666666430e+00;1.833333333333333925e+00;0.000000000000000000e+00;0.000000000000000000e+00;0.000000000000000000e+00;0.000000000000000000e+00;0.000000000000000000e+00;0.000000000000000000e+00;0.000000000000000000e+00;0.000000000000000000e+00
-7.208333333333333925e+00;-7.208333333333333925e+00;-2.065476190476190688e+00;1.458333333333332149e+00;0.000000000000000000e+00;0.000000000000000000e+00;0.000000000000000000e+00;0.000000000000000000e+00;0.000000000000000000e+00;0.000000000000000000e+00;0.000000000000000000e+00;0.000000000000000000e+00
-8.572189922480628610e-01;-6.718750000000000000e+00;-2.504464285714285587e+00;1.031250000000000000e+00;0.000000000000000000e+00;0.000000000000000000e+00;0.000000000000000000e+00;0.000000000000000000e+00;0.000000000000000000e+00;0.000000000000000000e+00;0.000000000000000000e+00;0.000000000000000000e+00
7.364341085271064458e-03;-8.083333333333333925e+00;-2.416666666666666963e+00;3.452380952380948997e-01;0.000000000000000000e+00;0.000000000000000000e+00;0.000000000000000000e+00;0.000000000000000000e+00;0.000000000000000000e+00;0.000000000000000000e+00;0.000000000000000000e+00;0.000000000000000000e+00
9.795865633074924972e-01;-6.055555555555555358e+00;-8.888888888888892836e-01;3.730158730158734670e-01;0.000000000000000000e+00;0.000000000000000000e+00;0.000000000000000000e+00;0.000000000000000000e+00;0.000000000000000000e+00;0.000000000000000000e+00;0.000000000000000000e+00;0.000000000000000000e+00
-9.750000000000000000e+00;6.740310077519371390e-01;6.740310077519371390e-01;6.740310077519371390e-01;0.000000000000000000e+00;0.000000000000000000e+00;0.000000000000000000e+00;0.000000000000000000e+00;0.000000000000000000e+00;0.000000000000000000e+00;0.000000000000000000e+00;0.000000000000000000e+00
6.818181818181816567e-01;-7.318181818181818343e+00;-4.068181818181818343e+00;-6.515151515151522688e-01;0.000000000000000000e+00;0.000000000000000000e+00;0.000000000000000000e+00;0.000000000000000000e+00;0.000000000000000000e+00;0.000000000000000000e+00;0.000000000000000000e+00;0.000000000000000000e+00
-1.147397563676634036e+00;-5.928571428571428825e+00;-8.516483516483521754e-01;1.071428571428571175e+00;0.000000000000000000e+00;0.000000000000000000e+00;0.000000000000000000e+00;0.000000000000000000e+00;0.000000000000000000e+00;0.000000000000000000e+00;0.000000000000000000e+00;0.000000000000000000e+00
1.424031007751937139e+00;1.424031007751937139e+00;1.424031007751937139e+00;0.000000000000000000e+00;0.000000000000000000e+00;0.000000000000000000e+00;0.000000000000000000e+00;0.000000000000000000e+00;0.000000000000000000e+00;0.000000000000000000e+00;0.000000000000000000e+00;0.000000000000000000e+00
9.240310077519371390e-01;9.240310077519371390e-01;-2.000000000000000000e+00;0.000000000000000000e+00;0.000000000000000000e+00;0.000000000000000000e+00;0.000000000000000000e+00;0.000000000000000000e+00;0.000000000000000000e+00;0.000000000000000000e+00;0.000000000000000000e+00;0.000000000000000000e+00
3.666666666666666075e+00;2.573643410852710645e-01;-2.333333333333333925e+00;1.666666666666666075e+00;0.000000000000000000e+00;0.000000000000000000e+00;0.000000000000000000e+00;0.000000000000000000e+00;0.000000000000000000e+00;0.000000000000000000e+00;0.000000000000000000e+00;0.000000000000000000e+00
3.433858464616150741e-01;-7.419354838709677935e+00;-1.919354838709677935e+00;1.580645161290322065e+00;0.000000000000000000e+00;0.000000000000000000e+00;0.000000000000000000e+00;0.000000000000000000e+00;0.000000000000000000e+00;0.000000000000000000e+00;0.000000000000000000e+00;0.000000000000000000e+00
-4.093023255813967864e-01;-4.666666666666666075e+00;-1.416666666666666075e+00;1.166666666666667851e+00;0.000000000000000000e+00;0.000000000000000000e+00;0.000000000000000000e+00;0.000000000000000000e+00;0.000000000000000000e+00;0.000000000000000000e+00;0.000000000000000000e+00;0.000000000000000000e+00
-7.596899224806286099e-02;-7.596899224806286099e-02;-1.000000000000000000e+00;1.000000000000000000e+00;0.000000000000000000e+00;0.000000000000000000e+00;0.000000000000000000e+00;0.000000000000000000e+00;0.000000000000000000e+00;0.000000000000000000e+00;0.000000000000000000e+00;0.000000000000000000e+00
2.403100775193678373e-02;2.403100775193678373e-02;-1.699999999999999289e+00;5.666666666666664298e-01;0.000000000000000000e+00;0.000000000000000000e+00;0.000000000000000000e+00;0.000000000000000000e+00;0.000000000000000000e+00;0.000000000000000000e+00;0.000000000000000000e+00;0.000000000000000000e+00
8.129198966408264226e-01;8.129198966408264226e-01;-1.513888888888889284e+00;3.777777777777782120e-01;0.000000000000000000e+00;0.000000000000000000e+00;0.000000000000000000e+00;0.000000000000000000e+00;0.000000000000000000e+00;0.000000000000000000e+00;0.000000000000000000e+00;0.000000000000000000e+00
9.766625866993052796e-01;-6.385964912280702066e+00;-8.526315789473688511e-01;9.473684210526318594e-01;0.000000000000000000e+00;0.000000000000000000e+00;0.000000000000000000e+00;0.000000000000000000e+00;0.000000000000000000e+00;0.000000000000000000e+00;0.000000000000000000e+00;0.000000000000000000e+00
1.701808785529715706e+00;1.701808785529715706e+00;-2.777777777777778567e+00;-7.777777777777785673e-01;0.000000000000000000e+00;0.000000000000000000e+00;0.000000000000000000e+00;0.000000000000000000e+00;0.000000000000000000e+00;0.000000000000000000e+00;0.000000000000000000e+00;0.000000000000000000e+00
-9.625000000000000000e+00;-5.625000000000000000e+00;5.490310077519371390e-01;2.041666666666666075e+00;0.000000000000000000e+00;0.000000000000000000e+00;0.000000000000000000e+00;0.000000000000000000e+00;0.000000000000000000e+00;0.000000000000000000e+00;0.000000000000000000e+00;0.000000000000000000e+00
-7.596899224806286099e-02;-8.000000000000000000e+00;-2.200000000000000178e+00;1.272727272727273373e+00;0.000000000000000000e+00;0.000000000000000000e+00;0.000000000000000000e+00;0.000000000000000000e+00;0.000000000000000000e+00;0.000000000000000000e+00;0.000000000000000000e+00;0.000000000000000000e+00
2.317233154442455145e-01;-3.307692307692308376e+00;-9.743589743589744501e-01;9.423076923076916245e-01;0.000000000000000000e+00;0.000000000000000000e+00;0.000000000000000000e+00;0.000000000000000000e+00;0.000000000000000000e+00;0.000000000000000000e+00;0.000000000000000000e+00;0.000000000000000000e+00
8.240310077519374943e-01;-6.300000000000000711e+00;-2.471428571428571530e+00;9.999999999999964473e-02;0.000000000000000000e+00;0.000000000000000000e+00;0.000000000000000000e+00;0.000000000000000000e+00;0.000000000000000000e+00;0.000000000000000000e+00;0.000000000000000000e+00;0.000000000000000000e+00
-4.877336981304161156e-01;-2.588235294117646745e+00;-8.609625668449201186e-01;1.911764705882353255e+00;0.000000000000000000e+00;0.000000000000000000e+00;0.000000000000000000e+00;0.000000000000000000e+00;0.000000000000000000e+00;0.000000000000000000e+00;0.000000000000000000e+00;0.000000000000000000e+00
-9.302325581396431176e-03;-7.066666666666666430e+00;-1.316666666666666430e+00;6.476190476190470946e-01;0.000000000000000000e+00;0.000000000000000000e+00;0.000000000000000000e+00;0.000000000000000000e+00;0.000000000000000000e+00;0.000000000000000000e+00;0.000000000000000000e+00;0.000000000000000000e+00
7.364341085271064458e-03;-5.083333333333333925e+00;-2.083333333333333925e+00;7.738095238095237249e-01;0.000000000000000000e+00;0.000000000000000000e+00;0.000000000000000000e+00;0.000000000000000000e+00;0.000000000000000000e+00;0.000000000000000000e+00;0.000000000000000000e+00;0.000000000000000000e+00
1.308646392367322164e+00;1.308646392367322164e+00;-1.051282051282051100e+00;1.709401709401703329e-01;0.000000000000000000e+00;0.000000000000000000e+00;0.000000000000000000e+00;0.000000000000000000e+00;0.000000000000000000e+00;0.000000000000000000e+00;0.000000000000000000e+00;0.000000000000000000e+00
-1.259689922480635715e-01;-6.949999999999999289e+00;-1.727777777777776969e+00;1.126923076923077360e+00;0.000000000000000000e+00;0.000000000000000000e+00;0.000000000000000000e+00;0.000000000000000000e+00;0.000000000000000000e+00;0.000000000000000000e+00;0.000000000000000000e+00;0.000000000000000000e+00
9.240310077519371390e-01;9.240310077519371390e-01;9.240310077519371390e-01;0.000000000000000000e+00;0.000000000000000000e+00;0.000000000000000000e+00;0.000000000000000000e+00;0.000000000000000000e+00;0.000000000000000000e+00;0.000000000000000000e+00;0.000000000000000000e+00;0.000000000000000000e+00
-1.842105263157893802e-01;-3.684210526315789380e+00;-6.842105263157893802e-01;6.491228070175445453e-01;0.000000000000000000e+00;0.000000000000000000e+00;0.000000000000000000e+00;0.000000000000000000e+00;0.000000000000000000e+00;0.000000000000000000e+00;0.000000000000000000e+00;0.000000000000000000e+00
-9.075968992248062861e+00;-9.075968992248062861e+00;-9.075968992248062861e+00;0.000000000000000000e+00;0.000000000000000000e+00;0.000000000000000000e+00;0.000000000000000000e+00;0.000000000000000000e+00;0.000000000000000000e+00;0.000000000000000000e+00;0.000000000000000000e+00;0.000000000000000000e+00
4.740310077519378495e-01;-6.550000000000000711e+00;-1.950000000000001066e+00;5.499999999999989342e-01;0.000000000000000000e+00;0.000000000000000000e+00;0.000000000000000000e+00;0.000000000000000000e+00;0.000000000000000000e+00;0.000000000000000000e+00;0.000000000000000000e+00;0.000000000000000000e+00
1.590697674418603214e+00;1.590697674418603214e+00;-1.666666666666666075e+00;-3.333333333333321491e-01;0.000000000000000000e+00;0.000000000000000000e+00;0.000000000000000000e+00;0.000000000000000000e+00;0.000000000000000000e+00;0.000000000000000000e+00;0.000000000000000000e+00;0.000000000000000000e+00
8.063839489284081452e-01;-5.549019607843137969e+00;-2.482352941176470651e+00;-1.568627450980386584e-02;0.000000000000000000e+00;0.000000000000000000e+00;0.000000000000000000e+00;0.000000000000000000e+00;0.000000000000000000e+00;0.000000000000000000e+00;0.000000000000000000e+00;0.000000000000000000e+00
1.863424947145876587e+00;1.863424947145876587e+00;-1.324009324009324473e+00;6.488413547237072976e-01;0.000000000000000000e+00;0.000000000000000000e+00;0.000000000000000000e+00;0.000000000000000000e+00;0.000000000000000000e+00;0.000000000000000000e+00;0.000000000000000000e+00;0.000000000000000000e+00
1.383167220376506634e-01;1.383167220376506634e-01;-1.464285714285713524e+00;3.412698412698418338e-01;0.000000000000000000e+00;0.000000000000000000e+00;0.000000000000000000e+00;0.000000000000000000e+00;0.000000000000000000e+00;0.000000000000000000e+00;0.000000000000000000e+00;0.000000000000000000e+00
-1.475968992248063216e+00;-1.475968992248063216e+00;-2.599999999999999645e+00;1.733333333333334281e+00;0.000000000000000000e+00;0.000000000000000000e+00;0.000000000000000000e+00;0.000000000000000000e+00;0.000000000000000000e+00;0.000000000000000000e+00;0.000000000000000000e+00;0.000000000000000000e+00
9.240310077519371390e-01;9.240310077519371390e-01;9.240310077519371390e-01;0.000000000000000000e+00;0.000000000000000000e+00;0.000000000000000000e+00;0.000000000000000000e+00;0.000000000000000000e+00;0.000000000000000000e+00;0.000000000000000000e+00;0.000000000000000000e+00;0.000000000000000000e+00
1.190697674418604635e+00;1.190697674418604635e+00;-2.266666666666667496e+00;-4.666666666666667851e-01;0.000000000000000000e+00;0.000000000000000000e+00;0.000000000000000000e+00;0.000000000000000000e+00;0.000000000000000000e+00;0.000000000000000000e+00;0.000000000000000000e+00;0.000000000000000000e+00
-2.075968992248062861e+00;-2.075968992248062861e+00;0.000000000000000000e+00;-2.075968992248062861e+00;0.000000000000000000e+00;0.000000000000000000e+00;0.000000000000000000e+00;0.000000000000000000e+00;0.000000000000000000e+00;0.000000000000000000e+00;0.000000000000000000e+00;0.000000000000000000e+00
4.954595791805083138e-01;4.954595791805083138e-01;-3.071428571428571175e+00;9.285714285714288252e-01;0.000000000000000000e+00;0.000000000000000000e+00;0.000000000000000000e+00;0.000000000000000000e+00;0.000000000000000000e+00;0.000000000000000000e+00;0.000000000000000000e+00;0.000000000000000000e+00
4.031007751937210060e-03;-6.580000000000000071e+00;-3.480000000000000426e+00;4.654545454545448990e-01;0.000000000000000000e+00;0.000000000000000000e+00;0.000000000000000000e+00;0.000000000000000000e+00;0.000000000000000000e+00;0.000000000000000000e+00;0.000000000000000000e+00;0.000000000000000000e+00
-4.474999999999999645e+00;-9.474999999999999645e+00;-3.724999999999999645e+00;2.500000000000035527e-02;0.000000000000000000e+00;0.000000000000000000e+00;0.000000000000000000e+00;0.000000000000000000e+00;0.000000000000000000e+00;0.000000000000000000e+00;0.000000000000000000e+00;0.000000000000000000e+00
5.906976744186032136e-01;5.906976744186032136e-01;-2.666666666666666075e+00;3.333333333333339255e-01;0.000000000000000000e+00;0.000000000000000000e+00;0.000000000000000000e+00;0.000000000000000000e+00;0.000000000000000000e+00;0.000000000000000000e+00;0.000000000000000000e+00;0.000000000000000000e+00
-5.171454628362983641e-01;-4.358823529411764319e+00;-6.302521008403356717e-01;1.825791855203620528e+00;0.000000000000000000e+00;0.000000000000000000e+00;0.000000000000000000e+00;0.000000000000000000e+00;0.000000000000000000e+00;0.000000000000000000e+00;0.000000000000000000e+00;0.000000000000000000e+00
-3.500000000000000000e+00;-5.575968992248062861e+00;-5.575968992248062861e+00;3.500000000000000000e+00;0.000000000000000000e+00;0.000000000000000000e+00;0.000000000000000000e+00;0.000000000000000000e+00;0.000000000000000000e+00;0.000000000000000000e+00;0.000000000000000000e+00;0.000000000000000000e+00
-3.067382230172928104e-01;-5.769230769230770051e+00;-2.692307692307700506e-01;1.897435897435896024e+00;0.000000000000000000e+00;0.000000000000000000e+00;0.000000000000000000e+00;0.000000000000000000e+00;0.000000000000000000e+00;0.000000000000000000e+00;0.000000000000000000e+00;0.000000000000000000e+00
6.363636363636366866e-01;2.876673713883004524e-01;-6.969696969696972388e-01;1.363636363636366866e-01;0.000000000000000000e+00;0.000000000000000000e+00;0.000000000000000000e+00;0.000000000000000000e+00;0.000000000000000000e+00;0.000000000000000000e+00;0.000000000000000000e+00;0.000000000000000000e+00
8.713994288045689984e-01;-8.947368421052631859e+00;-3.197368421052631859e+00;-1.473684210526311489e-01;0.000000000000000000e+00;0.000000000000000000e+00;0.000000000000000000e+00;0.000000000000000000e+00;0.000000000000000000e+00;0.000000000000000000e+00;0.000000000000000000e+00;0.000000000000000000e+00
5.906976744186032136e-01;-7.166666666666666075e+00;-2.833333333333333037e+00;1.761904761904762751e+00;0.000000000000000000e+00;0.000000000000000000e+00;0.000000000000000000e+00;0.000000000000000000e+00;0.000000000000000000e+00;0.000000000000000000e+00;0.000000000000000000e+00;0.000000000000000000e+00
3.526024363233659642e-01;-8.428571428571428825e+00;-4.285714285714288252e-01;1.321428571428571175e+00;0.000000000000000000e+00;0.000000000000000000e+00;0.000000000000000000e+00;0.000000000000000000e+00;0.000000000000000000e+00;0.000000000000000000e+00;0.000000000000000000e+00;0.000000000000000000e+00
2.384615384615385025e+00;-5.115384615384614975e+00;-6.153846153846149747e-01;4.384615384615385025e+00;0.000000000000000000e+00;0.000000000000000000e+00;0.000000000000000000e+00;0.000000000000000000e+00;0.000000000000000000e+00;0.000000000000000000e+00;0.000000000000000000e+00;0.000000000000000000e+00
-1.298191214470285182e+00;-2.777777777777777679e+00;2.222222222222232091e-01;1.222222222222223209e+00;0.000000000000000000e+00;0.000000000000000000e+00;0.000000000000000000e+00;0.000000000000000000e+00;0.000000000000000000e+00;0.000000000000000000e+00;0.000000000000000000e+00;0.000000000000000000e+00
-7.596899224806286099e-02;-6.000000000000000000e+00;-1.000000000000000000e+00;2.333333333333333925e+00;0.000000000000000000e+00;0.000000000000000000e+00;0.000000000000000000e+00;0.000000000000000000e+00;0.000000000000000000e+00;0.000000000000000000e+00;0.000000000000000000e+00;0.000000000000000000e+00
-1.509302325581396431e+00;-3.566666666666666430e+00;-8.743589743589748053e-01;1.183333333333333570e+00;0.000000000000000000e+00;0.000000000000000000e+00;0.000000000000000000e+00;0.000000000000000000e+00;0.000000000000000000e+00;0.000000000000000000e+00;0.000000000000000000e+00;0.000000000000000000e+00
-2.075968992248062861e+00;-2.075968992248062861e+00;0.000000000000000000e+00;-2.075968992248062861e+00;0.000000000000000000e+00;0.000000000000000000e+00;0.000000000000000000e+00;0.000000000000000000e+00;0.000000000000000000e+00;0.000000000000000000e+00;0.000000000000000000e+00;0.000000000000000000e+00
9.240310077519371390e-01;9.240310077519371390e-01;9.240310077519371390e-01;0.000000000000000000e+00;0.000000000000000000e+00;0.000000000000000000e+00;0.000000000000000000e+00;0.000000000000000000e+00;0.000000000000000000e+00;0.000000000000000000e+00;0.000000000000000000e+00;0.000000000000000000e+00
-4.093023255813967864e-01;-7.666666666666666075e+00;-4.166666666666666075e+00;1.333333333333333925e+00;0.000000000000000000e+00;0.000000000000000000e+00;0.000000000000000000e+00;0.000000000000000000e+00;0.000000000000000000e+00;0.000000000000000000e+00;0.000000000000000000e+00;0.000000000000000000e+00
8.615310077519371390e-01;8.615310077519371390e-01;-2.937500000000000000e+00;-2.232142857142864756e-01;0.000000000000000000e+00;0.000000000000000000e+00;0.000000000000000000e+00;0.000000000000000000e+00;0.000000000000000000e+00;0.000000000000000000e+00;0.000000000000000000e+00;0.000000000000000000e+00
