0.000000000000000000e+00;0.000000000000000000e+00;0.000000000000000000e+00;0.000000000000000000e+00;0.000000000000000000e+00;0.000000000000000000e+00;0.000000000000000000e+00;0.000000000000000000e+00;0.000000000000000000e+00;0.000000000000000000e+00;0.000000000000000000e+00;0.000000000000000000e+00
-7.596899224806286099e-02;5.714285714285711748e-01;-2.666666666666674956e-01;0.000000000000000000e+00;0.000000000000000000e+00;0.000000000000000000e+00;0.000000000000000000e+00;0.000000000000000000e+00;0.000000000000000000e+00;0.000000000000000000e+00;0.000000000000000000e+00;0.000000000000000000e+00
-2.409302325581395898e+00;-6.666666666666666963e+00;3.333333333333333925e+00;0.000000000000000000e+00;0.000000000000000000e+00;0.000000000000000000e+00;0.000000000000000000e+00;0.000000000000000000e+00;0.000000000000000000e+00;0.000000000000000000e+00;0.000000000000000000e+00;0.000000000000000000e+00
9.240310077519371390e-01;-4.000000000000003553e-01;9.240310077519371390e-01;0.000000000000000000e+00;0.000000000000000000e+00;0.000000000000000000e+00;0.000000000000000000e+00;0.000000000000000000e+00;0.000000000000000000e+00;0.000000000000000000e+00;0.000000000000000000e+00;0.000000000000000000e+00
3.855694692903988141e-01;4.384615384615386802e-01;-7.948717948717956006e-01;0.000000000000000000e+00;0.000000000000000000e+00;0.000000000000000000e+00;0.000000000000000000e+00;0.000000000000000000e+00;0.000000000000000000e+00;0.000000000000000000e+00;0.000000000000000000e+00;0.000000000000000000e+00
2.573643410852710645e-01;6.666666666666660745e-01;-3.333333333333339255e-01;0.000000000000000000e+00;0.000000000000000000e+00;0.000000000000000000e+00;0.000000000000000000e+00;0.000000000000000000e+00;0.000000000000000000e+00;0.000000000000000000e+00;0.000000000000000000e+00;0.000000000000000000e+00
1.324031007751937494e+00;5.999999999999996447e-01;-9.000000000000003553e-01;0.000000000000000000e+00;0.000000000000000000e+00;0.000000000000000000e+00;0.000000000000000000e+00;0.000000000000000000e+00;0.000000000000000000e+00;0.000000000000000000e+00;0.000000000000000000e+00;0.000000000000000000e+00
-4.575968992248062861e+00;3.500000000000000000e+00;-3.500000000000000000e+00;0.000000000000000000e+00;0.000000000000000000e+00;0.000000000000000000e+00;0.000000000000000000e+00;0.000000000000000000e+00;0.000000000000000000e+00;0.000000000000000000e+00;0.000000000000000000e+00;0.000000000000000000e+00
-1.325968992248062861e+00;-2.750000000000000000e+00;-2.500000000000000000e-01;0.000000000000000000e+00;0.000000000000000000e+00;0.000000000000000000e+00;0.000000000000000000e+00;0.000000000000000000e+00;0.000000000000000000e+00;0.000000000000000000e+00;0.000000000000000000e+00;0.000000000000000000e+00
1.014940098661028856e+00;-3.766233766233781921e-01;1.757575757575757791e-01;0.000000000000000000e+00;0.000000000000000000e+00;0.000000000000000000e+00;0.000000000000000000e+00;0.000000000000000000e+00;0.000000000000000000e+00;0.000000000000000000e+00;0.000000000000000000e+00;0.000000000000000000e+00
-3.075968992248062861e+00;-3.075968992248062861e+00;0.000000000000000000e+00;0.000000000000000000e+00;0.000000000000000000e+00;0.000000000000000000e+00;0.000000000000000000e+00;0.000000000000000000e+00;0.000000000000000000e+00;0.000000000000000000e+00;0.000000000000000000e+00;0.000000000000000000e+00
1.740310077519371390e-01;1.740310077519371390e-01;0.000000000000000000e+00;0.000000000000000000e+00;0.000000000000000000e+00;0.000000000000000000e+00;0.000000000000000000e+00;0.000000000000000000e+00;0.000000000000000000e+00;0.000000000000000000e+00;0.000000000000000000e+00;0.000000000000000000e+00
-1.075968992248062861e+00;0.000000000000000000e+00;-1.075968992248062861e+00;0.000000000000000000e+00;0.000000000000000000e+00;0.000000000000000000e+00;0.000000000000000000e+00;0.000000000000000000e+00;0.000000000000000000e+00;0.000000000000000000e+00;0.000000000000000000e+00;0.000000000000000000e+00
-4.361683277962348448e+00;0.000000000000000000e+00;-4.361683277962348448e+00;0.000000000000000000e+00;0.000000000000000000e+00;0.000000000000000000e+00;0.000000000000000000e+00;0.000000000000000000e+00;0.000000000000000000e+00;0.000000000000000000e+00;0.000000000000000000e+00;0.000000000000000000e+00
7.573643410852710645e-01;3.166666666666666075e+00;4.166666666666660745e-01;0.000000000000000000e+00;0.000000000000000000e+00;0.000000000000000000e+00;0.000000000000000000e+00;0.000000000000000000e+00;0.000000000000000000e+00;0.000000000000000000e+00;0.000000000000000000e+00;0.000000000000000000e+00
-7.426356589147289355e-01;8.205128205128193741e-01;-1.333333333333333925e+00;0.000000000000000000e+00;0.000000000000000000e+00;0.000000000000000000e+00;0.000000000000000000e+00;0.000000000000000000e+00;0.000000000000000000e+00;0.000000000000000000e+00;0.000000000000000000e+00;0.000000000000000000e+00
-8.093023255813953654e-01;-7.666666666666674956e-01;2.787878787878774745e-01;0.000000000000000000e+00;0.000000000000000000e+00;0.000000000000000000e+00;0.000000000000000000e+00;0.000000000000000000e+00;0.000000000000000000e+00;0.000000000000000000e+00;0.000000000000000000e+00;0.000000000000000000e+00
9.906976744186035688e-01;1.099999999999999645e+00;-6.666666666666642982e-02;0.000000000000000000e+00;0.000000000000000000e+00;0.000000000000000000e+00;0.000000000000000000e+00;0.000000000000000000e+00;0.000000000000000000e+00;0.000000000000000000e+00;0.000000000000000000e+00;0.000000000000000000e+00
9.240310077519371390e-01;-1.666666666666666075e+00;6.250000000000000000e-01;0.000000000000000000e+00;0.000000000000000000e+00;0.000000000000000000e+00;0.000000000000000000e+00;0.000000000000000000e+00;0.000000000000000000e+00;0.000000000000000000e+00;0.000000000000000000e+00;0.000000000000000000e+00
-2.298191214470285182e+00;0.000000000000000000e+00;-2.298191214470285182e+00;0.000000000000000000e+00;0.000000000000000000e+00;0.000000000000000000e+00;0.000000000000000000e+00;0.000000000000000000e+00;0.000000000000000000e+00;0.000000000000000000e+00;0.000000000000000000e+00;0.000000000000000000e+00
2.990310077519371390e-01;-1.141304347826093135e-01;2.625000000000000000e+00;0.000000000000000000e+00;0.000000000000000000e+00;0.000000000000000000e+00;0.000000000000000000e+00;0.000000000000000000e+00;0.000000000000000000e+00;0.000000000000000000e+00;0.000000000000000000e+00;0.000000000000000000e+00
-7.596899224806286099e-02;0.000000000000000000e+00;-7.596899224806286099e-02;0.000000000000000000e+00;0.000000000000000000e+00;0.000000000000000000e+00;0.000000000000000000e+00;0.000000000000000000e+00;0.000000000000000000e+00;0.000000000000000000e+00;0.000000000000000000e+00;0.000000000000000000e+00
-1.559689922480629320e-01;1.709090909090917876e-01;-4.199999999999999289e-01;0.000000000000000000e+00;0.000000000000000000e+00;0.000000000000000000e+00;0.000000000000000000e+00;0.000000000000000000e+00;0.000000000000000000e+00;0.000000000000000000e+00;0.000000000000000000e+00;0.000000000000000000e+00
-4.093023255813967864e-01;0.000000000000000000e+00;-4.093023255813967864e-01;0.000000000000000000e+00;0.000000000000000000e+00;0.000000000000000000e+00;0.000000000000000000e+00;0.000000000000000000e+00;0.000000000000000000e+00;0.000000000000000000e+00;0.000000000000000000e+00;0.000000000000000000e+00
-9.159689922480627189e-01;1.524999999999998579e-01;-2.711111111111108585e-01;0.000000000000000000e+00;0.000000000000000000e+00;0.000000000000000000e+00;0.000000000000000000e+00;0.000000000000000000e+00;0.000000000000000000e+00;0.000000000000000000e+00;0.000000000000000000e+00;0.000000000000000000e+00
4.240310077519371390e-01;0.000000000000000000e+00;4.240310077519371390e-01;0.000000000000000000e+00;0.000000000000000000e+00;0.000000000000000000e+00;0.000000000000000000e+00;0.000000000000000000e+00;0.000000000000000000e+00;0.000000000000000000e+00;0.000000000000000000e+00;0.000000000000000000e+00
-2.093023255813957206e-01;2.333333333333325044e-01;-4.666666666666667851e-01;0.000000000000000000e+00;0.000000000000000000e+00;0.000000000000000000e+00;0.000000000000000000e+00;0.000000000000000000e+00;0.000000000000000000e+00;0.000000000000000000e+00;0.000000000000000000e+00;0.000000000000000000e+00
5.906976744186032136e-01;1.424242424242425642e+00;-1.205128205128204399e+00;0.000000000000000000e+00;0.000000000000000000e+00;0.000000000000000000e+00;0.000000000000000000e+00;0.000000000000000000e+00;0.000000000000000000e+00;0.000000000000000000e+00;0.000000000000000000e+00;0.000000000000000000e+00
-8.676356589147289355e-01;-5.833333333333339255e-01;2.916666666666660745e-01;0.000000000000000000e+00;0.000000000000000000e+00;0.000000000000000000e+00;0.000000000000000000e+00;0.000000000000000000e+00;0.000000000000000000e+00;0.000000000000000000e+00;0.000000000000000000e+00;0.000000000000000000e+00
-8.572189922480628610e-01;3.694852941176467453e-01;-4.187500000000010658e-01;0.000000000000000000e+00;0.000000000000000000e+00;0.000000000000000000e+00;0.000000000000000000e+00;0.000000000000000000e+00;0.000000000000000000e+00;0.000000000000000000e+00;0.000000000000000000e+00;0.000000000000000000e+00
7.364341085271064458e-03;4.166666666666660745e-01;-2.976190476190474499e-01;0.000000000000000000e+00;0.000000000000000000e+00;0.000000000000000000e+00;0.000000000000000000e+00;0.000000000000000000e+00;0.000000000000000000e+00;0.000000000000000000e+00;0.000000000000000000e+00;0.000000000000000000e+00
9.795865633074924972e-01;3.730158730158734670e-01;-2.373737373737370149e-01;0.000000000000000000e+00;0.000000000000000000e+00;0.000000000000000000e+00;0.000000000000000000e+00;0.000000000000000000e+00;0.000000000000000000e+00;0.000000000000000000e+00;0.000000000000000000e+00;0.000000000000000000e+00
6.740310077519371390e-01;0.000000000000000000e+00;6.740310077519371390e-01;0.000000000000000000e+00;0.000000000000000000e+00;0.000000000000000000e+00;0.000000000000000000e+00;0.000000000000000000e+00;0.000000000000000000e+00;0.000000000000000000e+00;0.000000000000000000e+00;0.000000000000000000e+00
2.422128259337554823e-01;3.484848484848477312e-01;-5.502392344497586407e-02;0.000000000000000000e+00;0.000000000000000000e+00;0.000000000000000000e+00;0.000000000000000000e+00;0.000000000000000000e+00;0.000000000000000000e+00;0.000000000000000000e+00;0.000000000000000000e+00;0.000000000000000000e+00
-1.147397563676634036e+00;-3.571428571428576504e-01;1.890756302521001686e-01;0.000000000000000000e+00;0.000000000000000000e+00;0.000000000000000000e+00;0.000000000000000000e+00;0.000000000000000000e+00;0.000000000000000000e+00;0.000000000000000000e+00;0.000000000000000000e+00;0.000000000000000000e+00
1.424031007751937139e+00;5.000000000000000000e-01;-5.000000000000000000e-01;0.000000000000000000e+00;0.000000000000000000e+00;0.000000000000000000e+00;0.000000000000000000e+00;0.000000000000000000e+00;0.000000000000000000e+00;0.000000000000000000e+00;0.000000000000000000e+00;0.000000000000000000e+00
9.240310077519371390e-01;-3.333333333333339255e-01;5.000000000000000000e-01;0.000000000000000000e+00;0.000000000000000000e+00;0.000000000000000000e+00;0.000000000000000000e+00;0.000000000000000000e+00;0.000000000000000000e+00;0.000000000000000000e+00;0.000000000000000000e+00;0.000000000000000000e+00
2.573643410852710645e-01;1.666666666666660745e-01;6.666666666666660745e-01;0.000000000000000000e+00;0.000000000000000000e+00;0.000000000000000000e+00;0.000000000000000000e+00;0.000000000000000000e+00;0.000000000000000000e+00;0.000000000000000000e+00;0.000000000000000000e+00;0.000000000000000000e+00
3.433858464616150741e-01;2.277039848197333072e-01;-2.764976958525355855e-01;0.000000000000000000e+00;0.000000000000000000e+00;0.000000000000000000e+00;0.000000000000000000e+00;0.000000000000000000e+00;0.000000000000000000e+00;0.000000000000000000e+00;0.000000000000000000e+00;0.000000000000000000e+00
-4.093023255813967864e-01;1.333333333333333925e+00;-1.212121212121211045e-01;0.000000000000000000e+00;0.000000000000000000e+00;0.000000000000000000e+00;0.000000000000000000e+00;0.000000000000000000e+00;0.000000000000000000e+00;0.000000000000000000e+00;0.000000000000000000e+00;0.000000000000000000e+00
-7.596899224806286099e-02;1.000000000000000000e+00;-5.000000000000000000e-01;0.000000000000000000e+00;0.000000000000000000e+00;0.000000000000000000e+00;0.000000000000000000e+00;0.000000000000000000e+00;0.000000000000000000e+00;0.000000000000000000e+00;0.000000000000000000e+00;0.000000000000000000e+00
2.403100775193678373e-02;5.666666666666664298e-01;-8.499999999999996447e-01;0.000000000000000000e+00;0.000000000000000000e+00;0.000000000000000000e+00;0.000000000000000000e+00;0.000000000000000000e+00;0.000000000000000000e+00;0.000000000000000000e+00;0.000000000000000000e+00;0.000000000000000000e+00
8.129198966408264226e-01;-7.070707070707094033e-02;4.861111111111071637e-02;0.000000000000000000e+00;0.000000000000000000e+00;0.000000000000000000e+00;0.000000000000000000e+00;0.000000000000000000e+00;0.000000000000000000e+00;0.000000000000000000e+00;0.000000000000000000e+00;0.000000000000000000e+00
9.766625866993052796e-01;-2.879256965944261282e-01;2.947368421052631859e+00;0.000000000000000000e+00;0.000000000000000000e+00;0.000000000000000000e+00;0.000000000000000000e+00;0.000000000000000000e+00;0.000000000000000000e+00;0.000000000000000000e+00;0.000000000000000000e+00;0.000000000000000000e+00
1.701808785529715706e+00;-5.277777777777785673e-01;4.222222222222207222e-01;0.000000000000000000e+00;0.000000000000000000e+00;0.000000000000000000e+00;0.000000000000000000e+00;0.000000000000000000e+00;0.000000000000000000e+00;0.000000000000000000e+00;0.000000000000000000e+00;0.000000000000000000e+00
5.490310077519371390e-01;0.000000000000000000e+00;5.490310077519371390e-01;0.000000000000000000e+00;0.000000000000000000e+00;0.000000000000000000e+00;0.000000000000000000e+00;0.000000000000000000e+00;0.000000000000000000e+00;0.000000000000000000e+00;0.000000000000000000e+00;0.000000000000000000e+00
-7.596899224806286099e-02;0.000000000000000000e+00;-7.596899224806286099e-02;0.000000000000000000e+00;0.000000000000000000e+00;0.000000000000000000e+00;0.000000000000000000e+00;0.000000000000000000e+00;0.000000000000000000e+00;0.000000000000000000e+00;0.000000000000000000e+00;0.000000000000000000e+00
2.317233154442455145e-01;4.923076923076923350e-01;-1.641025641025641413e+00;0.000000000000000000e+00;0.000000000000000000e+00;0.000000000000000000e+00;0.000000000000000000e+00;0.000000000000000000e+00;0.000000000000000000e+00;0.000000000000000000e+00;0.000000000000000000e+00;0.000000000000000000e+00
8.240310077519374943e-01;-1.400000000000000355e+00;5.666666666666664298e-01;0.000000000000000000e+00;0.000000000000000000e+00;0.000000000000000000e+00;0.000000000000000000e+00;0.000000000000000000e+00;0.000000000000000000e+00;0.000000000000000000e+00;0.000000000000000000e+00;0.000000000000000000e+00
-4.877336981304161156e-01;9.831932773109244295e-01;-6.882352941176463901e-01;0.000000000000000000e+00;0.000000000000000000e+00;0.000000000000000000e+00;0.000000000000000000e+00;0.000000000000000000e+00;0.000000000000000000e+00;0.000000000000000000e+00;0.000000000000000000e+00;0.000000000000000000e+00
-9.302325581396431176e-03;-9.000000000000003553e-01;9.333333333333335702e-01;0.000000000000000000e+00;0.000000000000000000e+00;0.000000000000000000e+00;0.000000000000000000e+00;0.000000000000000000e+00;0.000000000000000000e+00;0.000000000000000000e+00;0.000000000000000000e+00;0.000000000000000000e+00
7.364341085271064458e-03;9.166666666666660745e-01;-1.833333333333335702e-01;0.000000000000000000e+00;0.000000000000000000e+00;0.000000000000000000e+00;0.000000000000000000e+00;0.000000000000000000e+00;0.000000000000000000e+00;0.000000000000000000e+00;0.000000000000000000e+00;0.000000000000000000e+00
1.308646392367322164e+00;-5.128205128205109986e-02;1.153846153846149747e-01;0.000000000000000000e+00;0.000000000000000000e+00;0.000000000000000000e+00;0.000000000000000000e+00;0.000000000000000000e+00;0.000000000000000000e+00;0.000000000000000000e+00;0.000000000000000000e+00;0.000000000000000000e+00
-1.259689922480635715e-01;1.833333333333335702e-01;-9.499999999999992895e-01;0.000000000000000000e+00;0.000000000000000000e+00;0.000000000000000000e+00;0.000000000000000000e+00;0.000000000000000000e+00;0.000000000000000000e+00;0.000000000000000000e+00;0.000000000000000000e+00;0.000000000000000000e+00
9.240310077519371390e-01;9.240310077519371390e-01;0.000000000000000000e+00;0.000000000000000000e+00;0.000000000000000000e+00;0.000000000000000000e+00;0.000000000000000000e+00;0.000000000000000000e+00;0.000000000000000000e+00;0.000000000000000000e+00;0.000000000000000000e+00;0.000000000000000000e+00
-3.917584659322734808e-01;4.824561403508766944e-01;-8.270676691729317298e-01;0.000000000000000000e+00;0.000000000000000000e+00;0.000000000000000000e+00;0.000000000000000000e+00;0.000000000000000000e+00;0.000000000000000000e+00;0.000000000000000000e+00;0.000000000000000000e+00;0.000000000000000000e+00
-9.075968992248062861e+00;0.000000000000000000e+00;-9.075968992248062861e+00;0.000000000000000000e+00;0.000000000000000000e+00;0.000000000000000000e+00;0.000000000000000000e+00;0.000000000000000000e+00;0.000000000000000000e+00;0.000000000000000000e+00;0.000000000000000000e+00;0.000000000000000000e+00
4.740310077519378495e-01;1.449999999999999289e+00;-6.214285714285718853e-01;0.000000000000000000e+00;0.000000000000000000e+00;0.000000000000000000e+00;0.000000000000000000e+00;0.000000000000000000e+00;0.000000000000000000e+00;0.000000000000000000e+00;0.000000000000000000e+00;0.000000000000000000e+00
1.590697674418603214e+00;0.000000000000000000e+00;1.590697674418603214e+00;0.000000000000000000e+00;0.000000000000000000e+00;0.000000000000000000e+00;0.000000000000000000e+00;0.000000000000000000e+00;0.000000000000000000e+00;0.000000000000000000e+00;0.000000000000000000e+00;0.000000000000000000e+00
8.063839489284081452e-01;6.631016042780739639e-01;-1.215686274509804932e+00;0.000000000000000000e+00;0.000000000000000000e+00;0.000000000000000000e+00;0.000000000000000000e+00;0.000000000000000000e+00;0.000000000000000000e+00;0.000000000000000000e+00;0.000000000000000000e+00;0.000000000000000000e+00
1.863424947145876587e+00;0.000000000000000000e+00;1.863424947145876587e+00;0.000000000000000000e+00;0.000000000000000000e+00;0.000000000000000000e+00;0.000000000000000000e+00;0.000000000000000000e+00;0.000000000000000000e+00;0.000000000000000000e+00;0.000000000000000000e+00;0.000000000000000000e+00
1.383167220376506634e-01;4.523809523809525501e-01;-7.142857142857117481e-02;0.000000000000000000e+00;0.000000000000000000e+00;0.000000000000000000e+00;0.000000000000000000e+00;0.000000000000000000e+00;0.000000000000000000e+00;0.000000000000000000e+00;0.000000000000000000e+00;0.000000000000000000e+00
-1.475968992248063216e+00;-1.475968992248063216e+00;0.000000000000000000e+00;0.000000000000000000e+00;0.000000000000000000e+00;0.000000000000000000e+00;0.000000000000000000e+00;0.000000000000000000e+00;0.000000000000000000e+00;0.000000000000000000e+00;0.000000000000000000e+00;0.000000000000000000e+00
9.240310077519371390e-01;0.000000000000000000e+00;9.240310077519371390e-01;0.000000000000000000e+00;0.000000000000000000e+00;0.000000000000000000e+00;0.000000000000000000e+00;0.000000000000000000e+00;0.000000000000000000e+00;0.000000000000000000e+00;0.000000000000000000e+00;0.000000000000000000e+00
1.190697674418604635e+00;9.047619047619015475e-02;-1.266666666666667496e+00;0.000000000000000000e+00;0.000000000000000000e+00;0.000000000000000000e+00;0.000000000000000000e+00;0.000000000000000000e+00;0.000000000000000000e+00;0.000000000000000000e+00;0.000000000000000000e+00;0.000000000000000000e+00
-2.075968992248062861e+00;0.000000000000000000e+00;-2.075968992248062861e+00;0.000000000000000000e+00;0.000000000000000000e+00;0.000000000000000000e+00;0.000000000000000000e+00;0.000000000000000000e+00;0.000000000000000000e+00;0.000000000000000000e+00;0.000000000000000000e+00;0.000000000000000000e+00
4.954595791805083138e-01;2.857142857142864756e-01;-2.857142857142846992e-01;0.000000000000000000e+00;0.000000000000000000e+00;0.000000000000000000e+00;0.000000000000000000e+00;0.000000000000000000e+00;0.000000000000000000e+00;0.000000000000000000e+00;0.000000000000000000e+00;0.000000000000000000e+00
4.031007751937210060e-03;6.977777777777784962e-01;-2.466666666666661456e-01;0.000000000000000000e+00;0.000000000000000000e+00;0.000000000000000000e+00;0.000000000000000000e+00;0.000000000000000000e+00;0.000000000000000000e+00;0.000000000000000000e+00;0.000000000000000000e+00;0.000000000000000000e+00
1.399031007751936784e+00;7.472222222222217880e-01;3.027777777777789225e-01;0.000000000000000000e+00;0.000000000000000000e+00;0.000000000000000000e+00;0.000000000000000000e+00;0.000000000000000000e+00;0.000000000000000000e+00;0.000000000000000000e+00;0.000000000000000000e+00;0.000000000000000000e+00
5.906976744186032136e-01;2.333333333333333925e+00;-1.333333333333332149e+00;0.000000000000000000e+00;0.000000000000000000e+00;0.000000000000000000e+00;0.000000000000000000e+00;0.000000000000000000e+00;0.000000000000000000e+00;0.000000000000000000e+00;0.000000000000000000e+00;0.000000000000000000e+00
-5.171454628362983641e-01;-3.366013071895430642e-01;3.786764705882355031e-01;0.000000000000000000e+00;0.000000000000000000e+00;0.000000000000000000e+00;0.000000000000000000e+00;0.000000000000000000e+00;0.000000000000000000e+00;0.000000000000000000e+00;0.000000000000000000e+00;0.000000000000000000e+00
-5.575968992248062861e+00;0.000000000000000000e+00;-5.575968992248062861e+00;0.000000000000000000e+00;0.000000000000000000e+00;0.000000000000000000e+00;0.000000000000000000e+00;0.000000000000000000e+00;0.000000000000000000e+00;0.000000000000000000e+00;0.000000000000000000e+00;0.000000000000000000e+00
-3.067382230172928104e-01;3.974358974358960239e-01;-3.406593406593412254e-01;0.000000000000000000e+00;0.000000000000000000e+00;0.000000000000000000e+00;0.000000000000000000e+00;0.000000000000000000e+00;0.000000000000000000e+00;0.000000000000000000e+00;0.000000000000000000e+00;0.000000000000000000e+00
2.876673713883004524e-01;6.363636363636366866e-01;-6.363636363636260285e-02;0.000000000000000000e+00;0.000000000000000000e+00;0.000000000000000000e+00;0.000000000000000000e+00;0.000000000000000000e+00;0.000000000000000000e+00;0.000000000000000000e+00;0.000000000000000000e+00;0.000000000000000000e+00
8.713994288045689984e-01;5.263157894736814058e-02;-9.022556390977420904e-02;0.000000000000000000e+00;0.000000000000000000e+00;0.000000000000000000e+00;0.000000000000000000e+00;0.000000000000000000e+00;0.000000000000000000e+00;0.000000000000000000e+00;0.000000000000000000e+00;0.000000000000000000e+00
5.906976744186032136e-01;-2.916666666666660745e-01;9.333333333333335702e-01;0.000000000000000000e+00;0.000000000000000000e+00;0.000000000000000000e+00;0.000000000000000000e+00;0.000000000000000000e+00;0.000000000000000000e+00;0.000000000000000000e+00;0.000000000000000000e+00;0.000000000000000000e+00
3.526024363233659642e-01;-8.285714285714291805e-01;3.571428571428571175e+00;0.000000000000000000e+00;0.000000000000000000e+00;0.000000000000000000e+00;0.000000000000000000e+00;0.000000000000000000e+00;0.000000000000000000e+00;0.000000000000000000e+00;0.000000000000000000e+00;0.000000000000000000e+00
-2.460584376863447886e+00;5.128205128205287622e-02;-2.015384615384615330e+00;0.000000000000000000e+00;0.000000000000000000e+00;0.000000000000000000e+00;0.000000000000000000e+00;0.000000000000000000e+00;0.000000000000000000e+00;0.000000000000000000e+00;0.000000000000000000e+00;0.000000000000000000e+00
-1.298191214470285182e+00;-1.277777777777777679e+00;3.722222222222223209e+00;0.000000000000000000e+00;0.000000000000000000e+00;0.000000000000000000e+00;0.000000000000000000e+00;0.000000000000000000e+00;0.000000000000000000e+00;0.000000000000000000e+00;0.000000000000000000e+00;0.000000000000000000e+00
-7.596899224806286099e-02;1.500000000000000000e+00;-6.000000000000000000e+00;0.000000000000000000e+00;0.000000000000000000e+00;0.000000000000000000e+00;0.000000000000000000e+00;0.000000000000000000e+00;0.000000000000000000e+00;0.000000000000000000e+00;0.000000000000000000e+00;0.000000000000000000e+00
-1.509302325581396431e+00;-2.666666666666674956e-01;5.333333333333332149e-01;0.000000000000000000e+00;0.000000000000000000e+00;0.000000000000000000e+00;0.000000000000000000e+00;0.000000000000000000e+00;0.000000000000000000e+00;0.000000000000000000e+00;0.000000000000000000e+00;0.000000000000000000e+00
-2.075968992248062861e+00;0.000000000000000000e+00;-2.075968992248062861e+00;0.000000000000000000e+00;0.000000000000000000e+00;0.000000000000000000e+00;0.000000000000000000e+00;0.000000000000000000e+00;0.000000000000000000e+00;0.000000000000000000e+00;0.000000000000000000e+00;0.000000000000000000e+00
9.240310077519371390e-01;9.240310077519371390e-01;0.000000000000000000e+00;0.000000000000000000e+00;0.000000000000000000e+00;0.000000000000000000e+00;0.000000000000000000e+00;0.000000000000000000e+00;0.000000000000000000e+00;0.000000000000000000e+00;0.000000000000000000e+00;0.000000000000000000e+00
-4.093023255813967864e-01;3.333333333333339255e-01;-9.523809523809489974e-02;0.000000000000000000e+00;0.000000000000000000e+00;0.000000000000000000e+00;0.000000000000000000e+00;0.000000000000000000e+00;0.000000000000000000e+00;0.000000000000000000e+00;0.000000000000000000e+00;0.000000000000000000e+00
8.615310077519371390e-01;2.312500000000000000e+00;-7.375000000000007105e-01;0.000000000000000000e+00;0.000000000000000000e+00;0.000000000000000000e+00;0.000000000000000000e+00;0.000000000000000000e+00;0.000000000000000000e+00;0.000000000000000000e+00;0.000000000000000000e+00;0.000000000000000000e+00
